1 0 0 -1.27221029604e-09 0 1 0 -1.80642970525e-10 0 0 1 2.89089183159e-10
1 0 0 -1.22303368821e-09 0 1 0 0.500000000376 0 0 1 -1.95878870624e-08
1 0 0 -8.5296483765e-10 0 1 0 1.00000000033 0 0 1 -7.89305243942e-08
1 0 0 -1.03093950043e-09 0 1 0 1.50000000097 0 0 1 -1.76265230634e-07
1 0 0 -8.25635171342e-10 0 1 0 2.00000000077 0 0 1 -3.14440567584e-07
1 0 0 -1.16837439723e-09 0 1 0 2.49999999967 0 0 1 -4.91595025132e-07
1 0 0 -1.12783449246e-09 0 1 0 3.0000000005 0 0 1 -7.07862772842e-07
1 0 0 -1.16967691088e-09 0 1 0 3.50000000045 0 0 1 -9.64040396401e-07
1 0 0 -8.90627016581e-10 0 1 0 4.00000000021 0 0 1 -1.25943691809e-06
1 0 0 -1.15962084379e-09 0 1 0 4.50000000024 0 0 1 -1.59307227188e-06
1 0 0 -1.04533537382e-09 0 1 0 4.99999999984 0 0 1 -1.96730149327e-06
1 0 0 -1.01343222703e-09 0 1 0 5.50000000054 0 0 1 -2.38020677612e-06
1 0 0 -1.06391140342e-09 0 1 0 6.00000000037 0 0 1 -2.83302193438e-06
1 0 0 -1.196772903e-09 0 1 0 6.50000000012 0 0 1 -3.32525344238e-06
1 0 0 -1.00874197884e-09 0 1 0 7.00000000086 0 0 1 -3.85596356001e-06
1 0 0 -9.6548014028e-10 0 1 0 7.50000000017 0 0 1 -4.42570210879e-06
1 0 0 -1.2831014029e-09 0 1 0 8.00000000063 0 0 1 -5.03681734765e-06
1 0 0 -9.38942923412e-10 0 1 0 8.50000000022 0 0 1 -5.68607258877e-06
1 0 0 -1.14282805441e-09 0 1 0 9.00000000048 0 0 1 -6.3733198985e-06
1 0 0 -8.38660252356e-10 0 1 0 9.50000000179 0 0 1 -7.10267720194e-06
1 0 0 -1.20730980768e-09 0 1 0 10.0000000003 0 0 1 -7.86974426248e-06
1 0 0 -1.19268017684e-09 0 1 0 10.5000000004 0 0 1 -8.67617137779e-06
1 0 0 -1.26043264714e-09 0 1 0 11.0000000004 0 0 1 -9.52201484328e-06
1 0 0 -1.00729291574e-09 0 1 0 11.5000000005 0 0 1 -1.04068304427e-05
1 0 0 -1.23981003242e-09 0 1 0 11.9999999999 0 0 1 -1.13317533703e-05
1 0 0 -1.08904840701e-09 0 1 0 12.5000000005 0 0 1 -1.22962831135e-05
1 0 0 -1.08305542312e-09 0 1 0 13.0000000004 0 0 1 -1.32993477617e-05
1 0 0 -1.15944498447e-09 0 1 0 13.5000000003 0 0 1 -1.43418287619e-05
1 0 0 -1.25582966248e-09 0 1 0 14.0000000002 0 0 1 -1.54248543174e-05
1 0 0 -1.0313221388e-09 0 1 0 14.5000000007 0 0 1 -1.6546605246e-05
1 0 0 -8.89197160348e-10 0 1 0 15.0000000008 0 0 1 -1.77080192874e-05
1 0 0 -8.91840823414e-10 0 1 0 15.500000001 0 0 1 -1.89074747086e-05
1 0 0 -9.14480491332e-10 0 1 0 16.0000000005 0 0 1 -2.01479682111e-05
1 0 0 -1.14427534115e-09 0 1 0 16.5000000007 0 0 1 -2.14248813624e-05
1 0 0 -8.66017924039e-10 0 1 0 17.0000000005 0 0 1 -2.27448915586e-05
1 0 0 -1.2605783084e-09 0 1 0 17.500000001 0 0 1 -2.41003906467e-05
1 0 0 -1.20947163396e-09 0 1 0 18.0000000001 0 0 1 -2.54983520982e-05
1 0 0 -1.24074794883e-09 0 1 0 18.5000000014 0 0 1 -2.69342493215e-05
1 0 0 -8.88745077532e-10 0 1 0 19.0000000015 0 0 1 -2.84112339397e-05
1 0 0 -1.20955956362e-09 0 1 0 19.5000000012 0 0 1 -2.99244477375e-05
1 0 0 -1.08470743498e-09 0 1 0 20.000000001 0 0 1 -3.14791368474e-05
1 0 0 -1.04223829567e-09 0 1 0 20.5000000015 0 0 1 -3.30727487814e-05
1 0 0 -1.08215125749e-09 0 1 0 21.0000000019 0 0 1 -3.47057770664e-05
1 0 0 -8.63558113906e-10 0 1 0 21.5000000004 0 0 1 -3.63778830934e-05
1 0 0 -1.06823616619e-09 0 1 0 22.000000001 0 0 1 -3.80894973144e-05
1 0 0 -9.52020684508e-10 0 1 0 22.5000000003 0 0 1 -3.98410707216e-05
1 0 0 -9.18188192145e-10 0 1 0 23.0000000011 0 0 1 -4.16310734277e-05
1 0 0 -9.66737800923e-10 0 1 0 23.500000001 0 0 1 -4.346098601e-05
1 0 0 -1.09766951084e-09 0 1 0 24.0000000008 0 0 1 -4.53303149399e-05
1 0 0 -8.45322034593e-10 0 1 0 24.5000000014 0 0 1 -4.72394974516e-05
1 0 0 -1.26579191573e-09 0 1 0 24.9999999999 0 0 1 -4.91858961951e-05
1 0 0 -1.17820952994e-09 0 1 0 25.5000000007 0 0 1 -5.11736646427e-05
1 0 0 -8.32121038741e-10 0 1 0 26.0000000008 0 0 1 -5.31997705462e-05
1 0 0 -9.71690283791e-10 0 1 0 26.5000000013 0 0 1 -5.52652434855e-05
1 0 0 -1.1936407418e-09 0 1 0 27.0000000005 0 0 1 -5.7370873062e-05
1 0 0 -1.03231290183e-09 0 1 0 27.5000000008 0 0 1 -5.95161094594e-05
1 0 0 -1.01575370337e-09 0 1 0 28.000000001 0 0 1 -6.16996339993e-05
1 0 0 -1.08157660605e-09 0 1 0 28.500000001 0 0 1 -6.39225748866e-05
1 0 0 -1.22978160988e-09 0 1 0 29.0000000006 0 0 1 -6.61851788859e-05
1 0 0 -9.94708315716e-10 0 1 0 29.5000000021 0 0 1 -6.84868961773e-05
1 0 0 -9.04403663071e-10 0 1 0 30.0000000014 0 0 1 -7.0828135426e-05
1 0 0 -8.34094571189e-10 0 1 0 30.5000000015 0 0 1 -7.32094257057e-05
1 0 0 -9.08554120826e-10 0 1 0 31.0000000011 0 0 1 -7.56292508939e-05
1 0 0 -1.00300923123e-09 0 1 0 31.5000000015 0 0 1 -7.80891271095e-05
1 0 0 -1.24223387132e-09 0 1 0 32.0000000016 0 0 1 -8.05872914675e-05
1 0 0 -1.16056586563e-09 0 1 0 32.5000000004 0 0 1 -8.31254150153e-05
1 0 0 -1.0988934207e-09 0 1 0 33.0000000008 0 0 1 -8.57030960653e-05
1 0 0 -1.18199050547e-09 0 1 0 33.500000001 0 0 1 -8.83190652612e-05
1 0 0 -8.81807515896e-10 0 1 0 34.0000000011 0 0 1 -9.09753815606e-05
1 0 0 -1.06728226257e-09 0 1 0 34.5000000013 0 0 1 -9.36713116619e-05
1 0 0 -9.94251792008e-10 0 1 0 35.0000000012 0 0 1 -9.64053324548e-05
1 0 0 -9.41216882211e-10 0 1 0 35.5000000007 0 0 1 -9.91801445664e-05
1 0 0 -1.03294972575e-09 0 1 0 36.0000000003 0 0 1 -0.000101992998058
1 0 0 -1.20706467044e-09 0 1 0 36.5000000011 0 0 1 -0.000104844527609
1 0 0 -9.35514776756e-10 0 1 0 37.0000000012 0 0 1 -0.000107738026003
1 0 0 -1.27439392372e-09 0 1 0 37.5000000007 0 0 1 -0.000110669128542
1 0 0 -1.22999566088e-09 0 1 0 38.0000000008 0 0 1 -0.000113640084663
1 0 0 -1.26797949918e-09 0 1 0 38.5000000021 0 0 1 -0.000116649716844
1 0 0 -9.85069803505e-10 0 1 0 39.0000000012 0 0 1 -0.00011969980174
1 0 0 -1.18781784408e-09 0 1 0 39.5000000011 0 0 1 -0.000122789006909
1 0 0 -1.0072866985e-09 0 1 0 40.0000000018 0 0 1 -0.000125918065663
1 0 0 -9.71525082605e-10 0 1 0 40.5000000015 0 0 1 -0.000129085906078
1 0 0 -1.08053122005e-09 0 1 0 41.0000000013 0 0 1 -0.000132291787875
1 0 0 -1.14714637789e-09 0 1 0 41.5000000017 0 0 1 -0.000135539095677
1 0 0 -9.5525720667e-10 0 1 0 42.0000000018 0 0 1 -0.000138824494165
1 0 0 -8.45750136591e-10 0 1 0 42.500000001 0 0 1 -0.000142149802532
1 0 0 -1.2218990264e-09 0 1 0 43.0000000007 0 0 1 -0.000145514477936
1 0 0 -8.738805235e-10 0 1 0 43.500000002 0 0 1 -0.000148916940976
1 0 0 -1.01151975684e-09 0 1 0 44.0000000022 0 0 1 -0.000152359758097
1 0 0 -1.23154109133e-09 0 1 0 44.5000000015 0 0 1 -0.000155842485103
1 0 0 -1.1306706682e-09 0 1 0 45.0000000013 0 0 1 -0.000159363937478
1 0 0 -1.04979491766e-09 0 1 0 45.5000000013 0 0 1 -0.000162925934408
1 0 0 -1.05130126826e-09 0 1 0 46.0000000024 0 0 1 -0.000166526607401
1 0 0 -1.25996457712e-09 0 1 0 46.5000000011 0 0 1 -0.000170165674145
1 0 0 -1.02296127125e-09 0 1 0 47.000000001 0 0 1 -0.000173845475913
1 0 0 -8.68340066518e-10 0 1 0 47.5000000021 0 0 1 -0.000177563953738
1 0 0 -8.58488391486e-10 0 1 0 48.0000000018 0 0 1 -0.000181321459998
1 0 0 -9.31018817596e-10 0 1 0 48.5000000006 0 0 1 -0.000185118876132
1 0 0 -1.08593134485e-09 0 1 0 49.0000000013 0 0 1 -0.000188954474805
1 0 0 -1.26083854468e-09 0 1 0 49.5000000009 0 0 1 -0.000192831358323
1 0 0 -1.17724141546e-09 0 1 0 50.0000000009 0 0 1 -0.000196745838998
1 0 0 -1.11363895883e-09 0 1 0 50.5000000014 0 0 1 -0.000200700617473
1 0 0 -1.13241860333e-09 0 1 0 51.0000000015 0 0 1 -0.000204695059065
1 0 0 -8.92693918786e-10 0 1 0 51.5000000011 0 0 1 -0.000208727591342
1 0 0 -1.01385211337e-09 0 1 0 52.0000000019 0 0 1 -0.000212801500311
1 0 0 -9.38891631108e-10 0 1 0 52.5000000006 0 0 1 -0.000216913358816
1 0 0 -8.83925821427e-10 0 1 0 53.0000000018 0 0 1 -0.000221064281295
1 0 0 -9.11343889243e-10 0 1 0 53.5000000013 0 0 1 -0.000225255607187
1 0 0 -1.0835297104e-09 0 1 0 54.0000000018 0 0 1 -0.000229484480926
1 0 0 -8.72436345389e-10 0 1 0 54.5000000014 0 0 1 -0.000233754195293
1 0 0 -1.14700071663e-09 0 1 0 55.000000001 0 0 1 -0.000238063523469
1 0 0 -1.1006715539e-09 0 1 0 55.5000000021 0 0 1 -0.000242411083484
1 0 0 -1.13672449231e-09 0 1 0 56.000000001 0 0 1 -0.000246799293667
1 0 0 -8.51887449471e-10 0 1 0 56.5000000018 0 0 1 -0.000251225488931
1 0 0 -1.05270459017e-09 0 1 0 57.0000000014 0 0 1 -0.000255692038287
1 0 0 -9.32631749606e-10 0 1 0 57.5000000016 0 0 1 -0.000260197313018
1 0 0 -8.32551805274e-10 0 1 0 58.0000000019 0 0 1 -0.000264743132306
1 0 0 -9.39630595553e-10 0 1 0 58.5000000014 0 0 1 -0.000269326358289
1 0 0 -1.06670228206e-09 0 1 0 59.0000000013 0 0 1 -0.000273949882068
1 0 0 -8.72883987313e-10 0 1 0 59.5000000011 0 0 1 -0.000278612624747
1 0 0 -1.1647198761e-09 0 1 0 60.0000000013 0 0 1 -0.00028331473446
1 0 0 -1.07327835508e-09 0 1 0 60.5000000018 0 0 1 -0.00028805694452
1 0 0 -1.12660636375e-09 0 1 0 61.000000001 0 0 1 -0.000292838183004
1 0 0 -8.59040838463e-10 0 1 0 61.5000000015 0 0 1 -0.000297657653341
1 0 0 -1.07713304942e-09 0 1 0 62.000000002 0 0 1 -0.000302516737477
1 0 0 -9.11946074211e-10 0 1 0 62.5000000017 0 0 1 -0.000307416662245
1 0 0 -8.29141200143e-10 0 1 0 63.0000000018 0 0 1 -0.000312355756606
1 0 0 -9.53491507971e-10 0 1 0 63.500000001 0 0 1 -0.000317332257655
1 0 0 -1.03545083618e-09 0 1 0 64.0000000013 0 0 1 -0.000322349937949
1 0 0 -8.58904058987e-10 0 1 0 64.5000000008 0 0 1 -0.000327405955694
1 0 0 -1.16801501804e-09 0 1 0 65.0000000015 0 0 1 -0.000332500846955
1 0 0 -1.09384679092e-09 0 1 0 65.500000001 0 0 1 -0.000337636825606
1 0 0 -1.10206066495e-09 0 1 0 66.0000000008 0 0 1 -0.000342811973841
1 0 0 -1.25504406867e-09 0 1 0 66.5000000012 0 0 1 -0.000348024916704
1 0 0 -1.02474828623e-09 0 1 0 67.0000000008 0 0 1 -0.000353278700189
1 0 0 -9.3922203348e-10 0 1 0 67.5000000012 0 0 1 -0.00035857003153
1 0 0 -1.27696431207e-09 0 1 0 68.0000000007 0 0 1 -0.000363902845166
1 0 0 -8.90540974297e-10 0 1 0 68.5000000011 0 0 1 -0.000369273939967
1 0 0 -1.05215924862e-09 0 1 0 69.0000000006 0 0 1 -0.000374684013881
1 0 0 -1.23377574823e-09 0 1 0 69.5000000009 0 0 1 -0.00038013413883
1 0 0 -1.1568879188e-09 0 1 0 70.0000000005 0 0 1 -0.000385622601236
1 0 0 -1.03760555703e-09 0 1 0 70.5000000011 0 0 1 -0.000391152242873
1 0 0 -1.12547837716e-09 0 1 0 71.0000000009 0 0 1 -0.000396719291214
1 0 0 -1.23334942259e-09 0 1 0 71.5000000012 0 0 1 -0.000402326637349
1 0 0 -1.0203251577e-09 0 1 0 72.0000000008 0 0 1 -0.000407973449136
1 0 0 -8.272991181e-10 0 1 0 72.5000000018 0 0 1 -0.000413660065199
1 0 0 -1.24470389551e-09 0 1 0 73.0000000009 0 0 1 -0.000419385025708
1 0 0 -8.75552075286e-10 0 1 0 73.5000000014 0 0 1 -0.000425149148803
1 0 0 -9.92059767668e-10 0 1 0 74.0000000012 0 0 1 -0.000430953379237
1 0 0 -1.19094778483e-09 0 1 0 74.5000000012 0 0 1 -0.000436796779255
1 0 0 -1.06894404439e-09 0 1 0 75.0000000003 0 0 1 -0.000442679891691
1 0 0 -1.02932418145e-09 0 1 0 75.5000000013 0 0 1 -0.000448601186676
1 0 0 -1.00969899108e-09 0 1 0 76.0000000016 0 0 1 -0.000454563519732
1 0 0 -1.19722898262e-09 0 1 0 76.5000000003 0 0 1 -0.000460563753016
1 0 0 -8.76703154518e-10 0 1 0 77.0000000012 0 0 1 -0.000466605356003
1 0 0 -1.22900090105e-09 0 1 0 77.5000000001 0 0 1 -0.000472684175222
1 0 0 -1.19801413234e-09 0 1 0 78.0000000002 0 0 1 -0.000478802601258
1 0 0 -1.24941124113e-09 0 1 0 78.5000000006 0 0 1 -0.000484960196879
1 0 0 -9.17530940114e-10 0 1 0 79.0000000005 0 0 1 -0.000491158386374
1 0 0 -1.13369225119e-09 0 1 0 79.5000000003 0 0 1 -0.000497395061466
1 0 0 -9.6657615245e-10 0 1 0 80.0000000009 0 0 1 -0.000503671590124
1 0 0 -9.44229583411e-10 0 1 0 80.5000000004 0 0 1 -0.000509986900461
1 0 0 -1.00426333915e-09 0 1 0 81.0000000007 0 0 1 -0.000516341133618
1 0 0 -1.08429176748e-09 0 1 0 81.500000001 0 0 1 -0.000522735911332
1 0 0 -8.43431990916e-10 0 1 0 82.0000000004 0 0 1 -0.000529170401478
1 0 0 -1.15061027373e-09 0 1 0 82.5000000004 0 0 1 -0.000535642883683
1 0 0 -1.07451469944e-09 0 1 0 83.0000000012 0 0 1 -0.00054215521947
1 0 0 -1.14318510214e-09 0 1 0 83.5000000001 0 0 1 -0.00054870683045
1 0 0 -8.28578095025e-10 0 1 0 84.0000000006 0 0 1 -0.000555297801483
1 0 0 -9.99627047804e-10 0 1 0 84.5000000003 0 0 1 -0.000561928879854
1 0 0 -9.12169895173e-10 0 1 0 85.0000000005 0 0 1 -0.000568597555379
1 0 0 -8.44707415126e-10 0 1 0 85.5000000007 0 0 1 -0.00057530677546
1 0 0 -8.59628812577e-10 0 1 0 86.0000000009 0 0 1 -0.000582055411904
1 0 0 -9.56934087526e-10 0 1 0 86.500000001 0 0 1 -0.000588843464683
1 0 0 -1.19900533946e-09 0 1 0 86.9999999996 0 0 1 -0.000595670545898
1 0 0 -1.12018483378e-09 0 1 0 87.5000000001 0 0 1 -0.000602535612195
1 0 0 -9.98976901201e-10 0 1 0 88.0000000007 0 0 1 -0.000609442351269
1 0 0 -1.02253139289e-09 0 1 0 88.5000000004 0 0 1 -0.000616387871993
1 0 0 -1.19085896699e-09 0 1 0 89.0000000002 0 0 1 -0.000623371434109
1 0 0 -9.13519926371e-10 0 1 0 89.5000000013 0 0 1 -0.000630395731243
1 0 0 -1.24661170275e-09 0 1 0 90.0000000001 0 0 1 -0.000637458619579
1 0 0 -1.19642606933e-09 0 1 0 90.5000000001 0 0 1 -0.000644561114733
1 0 0 -8.25345125577e-10 0 1 0 90.9999999999 0 0 1 -0.00065170282879
1 0 0 -8.77534489518e-10 0 1 0 91.5000000007 0 0 1 -0.000658884791321
1 0 0 -1.13688258807e-09 0 1 0 92.0000000003 0 0 1 -0.000666104407323
1 0 0 -9.50560519186e-10 0 1 0 92.5000000004 0 0 1 -0.000673365251863
1 0 0 -9.09011532713e-10 0 1 0 92.9999999998 0 0 1 -0.000680664631318
1 0 0 -8.8745366611e-10 0 1 0 93.4999999998 0 0 1 -0.000688004308557
1 0 0 -1.01066888192e-09 0 1 0 94.0000000003 0 0 1 -0.000695381780424
1 0 0 -1.27865007471e-09 0 1 0 94.5000000001 0 0 1 -0.000702797787191
1 0 0 -1.03858255329e-09 0 1 0 95.0000000003 0 0 1 -0.000710256397483
1 0 0 -1.06805586597e-09 0 1 0 95.5000000003 0 0 1 -0.000717750792738
1 0 0 -1.05513464632e-09 0 1 0 95.9999999997 0 0 1 -0.000725287354271
1 0 0 -1.18698650908e-09 0 1 0 96.5 0 0 1 -0.000732861463675
1 0 0 -9.35557409321e-10 0 1 0 97.0000000004 0 0 1 -0.000740475920175
1 0 0 -8.28897839256e-10 0 1 0 97.4999999997 0 0 1 -0.000748129158346
1 0 0 -1.20789422908e-09 0 1 0 97.9999999994 0 0 1 -0.000755821763555
1 0 0 -1.2036132091e-09 0 1 0 98.4999999995 0 0 1 -0.00076355446911
1 0 0 -8.78440431507e-10 0 1 0 98.9999999998 0 0 1 -0.000771326146797
1 0 0 -1.10130926601e-09 0 1 0 99.4999999999 0 0 1 -0.000779136310079
