0,-1.27221029604e-09,-1.80642970525e-10
0.1,-1.03093950043e-09,1.50000000097
0.2,-1.12783449246e-09,3.0000000005
0.3,-1.15962084379e-09,4.50000000024
0.4,-1.06391140342e-09,6.00000000077
0.5,-9.03093377858e-10,7.50000000072
0.6,-1.14282805441e-09,9.00000000087
0.7,-1.19268017684e-09,10.5000000012
0.8,-1.17742349204e-09,12.0000000009
0.9,-1.097058e-09,13.5000000012
1,-8.89197160348e-10,15.000000002
1.1,-1.14427534115e-09,16.5000000011
1.2,-1.14708509358e-09,18.0000000018
1.3,-1.20955956362e-09,19.5000000024
1.4,-1.08215125749e-09,21.0000000023
1.5,-8.27247603752e-10,22.5000000034
1.6,-1.03528297046e-09,24.0000000029
1.7,-1.17820952994e-09,25.5000000019
1.8,-1.13125420143e-09,27.0000000034
1.9,-1.01919006568e-09,28.5000000031
2,-1.24529098144e-09,30.0000000032
2.1,-9.40622690848e-10,31.5000000036
2.2,-1.03650688033e-09,33.0000000037
2.3,-1.00489483401e-09,34.5000000039
2.4,-9.08176644998e-10,36.0000000038
2.5,-1.14962084297e-09,37.5000000041
2.6,-9.22684151305e-10,39.0000000033
2.7,-9.09137654048e-10,40.5000000036
2.8,-8.30484125913e-10,42.0000000049
2.9,-1.27715438225e-09,43.5000000037
3,-9.43510158891e-10,45.0000000054
3.1,-1.13518972e-09,46.5000000045
3.2,-1.19937482168e-09,48.0000000045
3.3,-1.13606546392e-09,49.5000000052
3.4,-9.45259870377e-10,51.0000000059
3.5,-1.2173924091e-09,52.500000005
3.6,-8.96369201087e-10,54.0000000058
3.7,-1.03828412534e-09,55.500000005
3.8,-9.27931509409e-10,57.0000000049
3.9,-1.28051702575e-09,58.5000000052
4,-1.03994679534e-09,60.0000000056
4.1,-1.13754161646e-09,61.5000000055
4.2,-1.17002763034e-09,63.0000000056
4.3,-1.13740483698e-09,64.5000000059
4.4,-9.77287584192e-10,66.0000000055
4.5,-1.21772281148e-09,67.500000006
4.6,-8.6500051566e-10,69.0000000062
4.7,-1.25372068283e-09,70.5000000072
4.8,-8.33164648384e-10,72.0000000064
4.9,-1.09166720108e-09,73.5000000075
5,-8.81783535078e-10,75.0000000063
5.1,-9.47679268393e-10,76.5000000072
5.2,-1.01085362303e-09,78.0000000062
5.3,-9.46531741874e-10,79.5000000059
5.4,-1.22037846495e-09,81.0000000068
5.5,-9.01064112213e-10,82.5000000069
5.6,-1.04469322082e-09,84.0000000071
5.7,-1.06082254092e-09,85.5000000072
5.8,-1.01184483015e-09,87.000000006
5.9,-8.35374436292e-10,88.5000000068
6,-9.97065541242e-10,90.0000000071
6.1,-1.15603526751e-09,91.5000000062
6.2,-1.12512665851e-09,93.0000000067
6.3,-1.0291039132e-09,94.5000000071
6.4,-1.20886411992e-09,96.0000000075
6.5,-1.04501296505e-09,97.5000000066
6.6,-1.09455200459e-09,99.0000000071
6.7,-1.07898756596e-09,100.500000007
6.8,-9.98308991029e-10,102.000000007
6.9,-8.5252338522e-10,103.500000006
7,-1.04490638364e-09,105.000000006
7.1,-1.04740394136e-09,106.500000007
7.2,-1.04718012039e-09,108.000000007
7.3,-9.19460063642e-10,109.500000007
7.4,-1.25467991552e-09,111.000000006
7.5,-9.34356592097e-10,112.500000006
7.6,-1.01458752511e-09,114.000000007
7.7,-9.67322222323e-10,115.500000006
7.8,-9.17331988148e-10,117.000000006
7.9,-1.08073550109e-09,118.500000006
8,-1.24141763536e-09,120.000000007
8.1,-8.71331451435e-10,121.500000006
8.2,-8.39406766318e-10,123.000000006
8.3,-1.14565068543e-09,124.500000006
8.4,-9.83511938557e-10,126.000000006
8.5,-1.1595382432e-09,127.500000005
8.6,-1.20806831205e-09,129.000000004
8.7,-1.19148779731e-09,130.500000005
8.8,-1.1098002517e-09,132.000000005
8.9,-8.3823081809e-10,133.500000005
9,-9.67215640912e-10,135.000000004
9.1,-9.6870067523e-10,136.500000004
9.2,-9.67467883584e-10,138.000000004
9.3,-1.24201449125e-09,139.500000004
9.4,-9.85792780739e-10,141.000000005
9.5,-1.25488952563e-09,142.500000002
9.6,-1.27172228304e-09,144.000000002
9.7,-1.22344800957e-09,145.500000003
9.8,-1.0476739476e-09,147.000000003
9.9,-1.27245414205e-09,148.500000002
10,-9.04073260699e-10,150.000000003
10.1,-9.98639393401e-10,151.500000002
10.2,-9.03312979972e-10,153.000000002
10.3,-1.2085479284e-09,154.500000001
10.4,-9.20621801015e-10,156.000000002
10.5,-1.09564268769e-09,157.500000001
10.6,-1.14315668043e-09,159.000000001
10.7,-1.06318509552e-09,160.5
10.8,-9.18099374303e-10,162
10.9,-1.11117515189e-09,163.499999999
11,-1.23915100403e-09,165
11.1,-8.36351432554e-10,166.499999998
11.2,-1.17499610042e-09,167.999999999
11.3,-1.04525099687e-09,169.499999999
11.4,-1.25368160298e-09,170.999999997
11.5,-8.68944027843e-10,172.499999998
11.6,-8.84767814568e-10,173.999999997
11.7,-8.35477464989e-10,175.499999996
11.8,-1.06197006744e-09,176.999999997
11.9,-1.28574129121e-09,178.499999995
12,-9.16351439173e-10,179.999999995
12.1,-8.85130191364e-10,181.499999995
12.2,-8.51180459449e-10,182.999999995
12.3,-1.15540643719e-09,184.499999994
12.4,-8.66471339123e-10,185.999999994
12.5,-9.15697739856e-10,187.499999993
12.6,-8.99824215139e-10,188.999999992
12.7,-1.28449784143e-09,190.499999992
12.8,-1.1383960441e-09,191.999999991
12.9,-8.64808669121e-10,193.499999991
13,-9.29382792947e-10,194.999999991
13.1,-9.28849885895e-10,196.49999999
13.2,-8.63202842538e-10,197.999999988
13.3,-1.13572440341e-09,199.499999988
13.4,-1.21836762901e-09,200.999999989
13.5,-8.95013840818e-10,202.499999988
13.6,-8.47435899232e-10,203.999999987
13.7,-1.26279786627e-09,205.499999986
13.8,-9.60227453106e-10,206.999999986
13.9,-1.18298260077e-09,208.499999985
14,-1.27824506535e-09,209.999999984
14.1,-1.18362919466e-09,211.499999983
14.2,-1.14867049206e-09,212.999999983
14.3,-9.23833454181e-10,214.499999982
14.4,-1.03716502053e-09,215.999999982
14.5,-1.14776810278e-09,217.49999998
14.6,-1.13087850195e-09,218.999999979
14.7,-9.86496218047e-10,220.49999998
14.8,-1.18027543294e-09,221.99999998
14.9,-9.05671981855e-10,223.499999978
15,-9.69237134996e-10,224.999999977
15.1,-9.05302499632e-10,226.499999977
15.2,-8.38653591018e-10,227.999999975
15.3,-1.04777342358e-09,229.499999975
15.4,-1.19179333069e-09,230.999999974
15.5,-1.2706991015e-09,232.499999973
15.6,-1.15972653703e-09,233.999999973
15.7,-1.10841114065e-09,235.499999971
15.8,-1.2704930441e-09,236.99999997
15.9,-9.64192281572e-10,238.499999969
16,-1.05844577547e-09,239.999999969
16.1,-1.02519948086e-09,241.499999967
16.2,-8.6446050318e-10,242.999999967
16.3,-1.10427578193e-09,244.499999966
16.4,-1.15420561997e-09,245.999999965
16.5,-1.26379973153e-09,247.499999964
16.6,-1.18351550782e-09,248.999999963
16.7,-1.0381171478e-09,250.499999963
16.8,-1.23088739201e-09,251.999999961
16.9,-9.55274970238e-10,253.49999996
17,-9.55438395067e-10,254.99999996
17.1,-8.90494789019e-10,256.499999958
17.2,-1.1637197872e-09,257.999999958
17.3,-9.0616936177e-10,259.499999956
17.4,-1.04917319277e-09,260.999999954
17.5,-1.06468434069e-09,262.499999954
17.6,-1.01508845773e-09,263.999999953
17.7,-9.00378438473e-10,265.499999952
17.8,-1.06145137124e-09,266.99999995
17.9,-1.21979581991e-09,268.499999949
18,-1.25065469092e-09,269.999999948
18.1,-1.15401377343e-09,271.499999946
18.2,-9.92258719634e-10,272.999999945
18.3,-1.16867227007e-09,274.499999943
18.4,-1.21759313743e-09,275.999999943
18.5,-1.2637926261e-09,277.499999941
18.6,-1.18249943171e-09,278.99999994
18.7,-1.03609920643e-09,280.499999939
18.8,-8.2458484485e-10,281.999999937
18.9,-8.88846329872e-10,283.499999937
19,-8.25608026389e-10,284.999999935
19.1,-1.28770238916e-09,286.499999933
19.2,-1.09425002393e-09,287.999999932
19.3,-1.23897336834e-09,289.499999931
19.4,-8.52921289152e-10,290.999999931
19.5,-9.29802013161e-10,292.499999928
19.6,-1.28247279463e-09,293.999999926
19.7,-1.04196828943e-09,295.499999925
19.8,-1.26442500914e-09,296.999999924
19.9,-8.93706442184e-10,298.499999922
