1 0 0 -1.27221029604e-09 0 1 0 -1.80642970525e-10 0 0 1 2.89089183159e-10
1 0 0 -1.03093950043e-09 0 1 0 1.50000000097 0 0 1 -1.76265230634e-07
1 0 0 -1.12783449246e-09 0 1 0 3.0000000005 0 0 1 -7.07862772842e-07
1 0 0 -1.15962084379e-09 0 1 0 4.50000000024 0 0 1 -1.59307227188e-06
1 0 0 -1.06391140342e-09 0 1 0 6.00000000077 0 0 1 -2.83277517132e-06
1 0 0 -9.03093377858e-10 0 1 0 7.50000000072 0 0 1 -4.4265835526e-06
1 0 0 -1.14282805441e-09 0 1 0 9.00000000087 0 0 1 -6.37307313589e-06
1 0 0 -1.19268017684e-09 0 1 0 10.5000000012 0 0 1 -8.67567785168e-06
1 0 0 -1.17742349204e-09 0 1 0 12.0000000009 0 0 1 -1.13323880502e-05
1 0 0 -1.097058e-09 0 1 0 13.5000000012 0 0 1 -1.43424634418e-05
1 0 0 -8.89197160348e-10 0 1 0 15.000000002 0 0 1 -1.77072789986e-05
1 0 0 -1.14427534115e-09 0 1 0 16.5000000011 0 0 1 -2.14246345998e-05
1 0 0 -1.14708509358e-09 0 1 0 18.0000000018 0 0 1 -2.54984932528e-05
1 0 0 -1.20955956362e-09 0 1 0 19.5000000024 0 0 1 -2.99237074479e-05
1 0 0 -1.08215125749e-09 0 1 0 21.0000000023 0 0 1 -3.4705530302e-05
1 0 0 -8.27247603752e-10 0 1 0 22.5000000034 0 0 1 -3.98415997953e-05
1 0 0 -1.03528297046e-09 0 1 0 24.0000000029 0 0 1 -4.53302093355e-05
1 0 0 -1.17820952994e-09 0 1 0 25.5000000019 0 0 1 -5.11729243531e-05
1 0 0 -1.13125420143e-09 0 1 0 27.0000000034 0 0 1 -5.73702739324e-05
1 0 0 -1.01919006568e-09 0 1 0 28.5000000031 0 0 1 -6.39224692769e-05
1 0 0 -1.24529098144e-09 0 1 0 30.0000000032 0 0 1 -7.08284740352e-05
1 0 0 -9.40622690848e-10 0 1 0 31.5000000036 0 0 1 -7.80890215015e-05
1 0 0 -1.03650688033e-09 0 1 0 33.0000000037 0 0 1 -8.57024969338e-05
1 0 0 -1.00489483401e-09 0 1 0 34.5000000039 0 0 1 -9.36709592896e-05
1 0 0 -9.08176644998e-10 0 1 0 36.0000000038 0 0 1 -0.000101993280367
1 0 0 -1.14962084297e-09 0 1 0 37.5000000041 0 0 1 -0.000110669410855
1 0 0 -9.22684151305e-10 0 1 0 39.0000000033 0 0 1 -0.000119699696132
1 0 0 -9.09137654048e-10 0 1 0 40.5000000036 0 0 1 -0.000129085800474
1 0 0 -8.30484125913e-10 0 1 0 42.0000000049 0 0 1 -0.000138825023239
1 0 0 -1.27715438225e-09 0 1 0 43.5000000037 0 0 1 -0.000148916151371
1 0 0 -9.43510158891e-10 0 1 0 45.0000000054 0 0 1 -0.000159365101233
1 0 0 -1.13518972e-09 0 1 0 46.5000000045 0 0 1 -0.000170165956455
1 0 0 -1.19937482168e-09 0 1 0 48.0000000045 0 0 1 -0.000181321305078
1 0 0 -1.13606546392e-09 0 1 0 49.5000000052 0 0 1 -0.000192831147103
1 0 0 -9.45259870377e-10 0 1 0 51.0000000059 0 0 1 -0.000204695976056
1 0 0 -1.2173924091e-09 0 1 0 52.500000005 0 0 1 -0.000216913345053
1 0 0 -8.96369201087e-10 0 1 0 54.0000000058 0 0 1 -0.000229485644674
1 0 0 -1.03828412534e-09 0 1 0 55.500000005 0 0 1 -0.000242410484351
1 0 0 -9.27931509409e-10 0 1 0 57.0000000049 0 0 1 -0.0002556923206
1 0 0 -1.28051702575e-09 0 1 0 58.5000000052 0 0 1 -0.000269325463083
1 0 0 -1.03994679534e-09 0 1 0 60.0000000056 0 0 1 -0.000283314523241
1 0 0 -1.13754161646e-09 0 1 0 61.5000000055 0 0 1 -0.000297657886343
1 0 0 -1.17002763034e-09 0 1 0 63.0000000056 0 0 1 -0.000312354861393
1 0 0 -1.13740483698e-09 0 1 0 64.5000000059 0 0 1 -0.000327405448406
1 0 0 -9.77287584192e-10 0 1 0 66.0000000055 0 0 1 -0.000342811515868
1 0 0 -1.21772281148e-09 0 1 0 67.500000006 0 0 1 -0.000358569771002
1 0 0 -8.6500051566e-10 0 1 0 69.0000000062 0 0 1 -0.000374684190586
1 0 0 -1.25372068283e-09 0 1 0 70.5000000072 0 0 1 -0.000391152370266
1 0 0 -8.33164648384e-10 0 1 0 72.0000000064 0 0 1 -0.00040797362584
1 0 0 -1.09166720108e-09 0 1 0 73.5000000075 0 0 1 -0.000425149276197
1 0 0 -8.81783535078e-10 0 1 0 75.0000000063 0 0 1 -0.000442679821639
1 0 0 -9.47679268393e-10 0 1 0 76.5000000072 0 0 1 -0.000460564317635
1 0 0 -1.01085362303e-09 0 1 0 78.0000000062 0 0 1 -0.000478802531205
1 0 0 -9.46531741874e-10 0 1 0 79.5000000059 0 0 1 -0.000497395238163
1 0 0 -1.22037846495e-09 0 1 0 81.0000000068 0 0 1 -0.000516341261019
1 0 0 -9.01064112213e-10 0 1 0 82.5000000069 0 0 1 -0.000535643695066
1 0 0 -1.04469322082e-09 0 1 0 84.0000000071 0 0 1 -0.000555297682119
1 0 0 -1.06082254092e-09 0 1 0 85.5000000072 0 0 1 -0.000575306656096
1 0 0 -1.01184483015e-09 0 1 0 87.000000006 0 0 1 -0.000595670229075
1 0 0 -8.35374436292e-10 0 1 0 88.5000000068 0 0 1 -0.000616387555176
1 0 0 -9.97065541242e-10 0 1 0 90.0000000071 0 0 1 -0.000637459184205
1 0 0 -1.15603526751e-09 0 1 0 91.5000000062 0 0 1 -0.000658884037271
1 0 0 -1.12512665851e-09 0 1 0 93.0000000067 0 0 1 -0.000680664265182
1 0 0 -1.0291039132e-09 0 1 0 94.5000000071 0 0 1 -0.000702798351817
1 0 0 -1.20886411992e-09 0 1 0 96.0000000075 0 0 1 -0.000725287622821
1 0 0 -1.04501296505e-09 0 1 0 97.5000000066 0 0 1 -0.00074812879221
1 0 0 -1.09455200459e-09 0 1 0 99.0000000071 0 0 1 -0.000771325533897
1 0 0 -1.07898756596e-09 0 1 0 100.500000007 0 0 1 -0.000794876381065
1 0 0 -9.98308991029e-10 0 1 0 102.000000007 0 0 1 -0.000818780840198
1 0 0 -8.5252338522e-10 0 1 0 103.500000006 0 0 1 -0.000843039651556
1 0 0 -1.04490638364e-09 0 1 0 105.000000006 0 0 1 -0.000867652025583
1 0 0 -1.04740394136e-09 0 1 0 106.500000007 0 0 1 -0.000892620267962
1 0 0 -1.04718012039e-09 0 1 0 108.000000007 0 0 1 -0.000917941240857
1 0 0 -9.19460063642e-10 0 1 0 109.500000007 0 0 1 -0.000943617200683
1 0 0 -1.25467991552e-09 0 1 0 111.000000006 0 0 1 -0.000969645453786
1 0 0 -9.34356592097e-10 0 1 0 112.500000006 0 0 1 -0.000996030506023
1 0 0 -1.01458752511e-09 0 1 0 114.000000007 0 0 1 -0.00102276749917
1 0 0 -9.67322222323e-10 0 1 0 115.500000006 0 0 1 -0.00104986046629
1 0 0 -9.17331988148e-10 0 1 0 117.000000006 0 0 1 -0.00107730542364
1 0 0 -1.08073550109e-09 0 1 0 118.500000006 0 0 1 -0.00110510669357
1 0 0 -1.24141763536e-09 0 1 0 120.000000007 0 0 1 -0.00113326069402
1 0 0 -8.71331451435e-10 0 1 0 121.500000006 0 0 1 -0.00116176997746
1 0 0 -8.39406766318e-10 0 1 0 123.000000006 0 0 1 -0.00119063282355
1 0 0 -1.14565068543e-09 0 1 0 124.500000006 0 0 1 -0.00121984972581
1 0 0 -9.83511938557e-10 0 1 0 126.000000006 0 0 1 -0.00124942004258
1 0 0 -1.1595382432e-09 0 1 0 127.500000005 0 0 1 -0.00127934466228
1 0 0 -1.20806831205e-09 0 1 0 129.000000004 0 0 1 -0.00130962451568
1 0 0 -1.19148779731e-09 0 1 0 130.500000005 0 0 1 -0.00134025724073
1 0 0 -1.1098002517e-09 0 1 0 132.000000005 0 0 1 -0.00137124431803
1 0 0 -8.3823081809e-10 0 1 0 133.500000005 0 0 1 -0.0014025872637
1 0 0 -9.67215640912e-10 0 1 0 135.000000004 0 0 1 -0.0014342833841
1 0 0 -9.6870067523e-10 0 1 0 136.500000004 0 0 1 -0.00146633399791
1 0 0 -9.67467883584e-10 0 1 0 138.000000004 0 0 1 -0.00149873783574
1 0 0 -1.24201449125e-09 0 1 0 139.500000004 0 0 1 -0.00153149636444
1 0 0 -9.85792780739e-10 0 1 0 141.000000005 0 0 1 -0.00156460894231
1 0 0 -1.25488952563e-09 0 1 0 142.500000002 0 0 1 -0.00159807416584
1 0 0 -1.27172228304e-09 0 1 0 144.000000002 0 0 1 -0.00163189515213
1 0 0 -1.22344800957e-09 0 1 0 145.500000003 0 0 1 -0.00166606975039
1 0 0 -1.0476739476e-09 0 1 0 147.000000003 0 0 1 -0.00170059933556
1 0 0 -1.27245414205e-09 0 1 0 148.500000002 0 0 1 -0.00173548234223
1 0 0 -9.04073260699e-10 0 1 0 150.000000003 0 0 1 -0.00177072027952
1 0 0 -9.98639393401e-10 0 1 0 151.500000002 0 0 1 -0.00180631100363
1 0 0 -9.03312979972e-10 0 1 0 153.000000002 0 0 1 -0.00184225784287
1 0 0 -1.2085479284e-09 0 1 0 154.500000001 0 0 1 -0.00187855711654
1 0 0 -9.20621801015e-10 0 1 0 156.000000002 0 0 1 -0.00191521181436
1 0 0 -1.09564268769e-09 0 1 0 157.500000001 0 0 1 -0.00195221905224
1 0 0 -1.14315668043e-09 0 1 0 159.000000001 0 0 1 -0.00198958028999
1 0 0 -1.06318509552e-09 0 1 0 160.5 0 0 1 -0.00202729750173
1 0 0 -9.18099374303e-10 0 1 0 162 0 0 1 -0.00206536807866
1 0 0 -1.11117515189e-09 0 1 0 163.499999999 0 0 1 -0.00210379271175
1 0 0 -1.23915100403e-09 0 1 0 165 0 0 1 -0.00214257071003
1 0 0 -8.36351432554e-10 0 1 0 166.499999998 0 0 1 -0.0021817042381
1 0 0 -1.17499610042e-09 0 1 0 167.999999999 0 0 1 -0.00222119103272
1 0 0 -1.04525099687e-09 0 1 0 169.499999999 0 0 1 -0.00226103173537
1 0 0 -1.25368160298e-09 0 1 0 170.999999997 0 0 1 -0.00230122723448
1 0 0 -8.68944027843e-10 0 1 0 172.499999998 0 0 1 -0.00234177741746
1 0 0 -8.84767814568e-10 0 1 0 173.999999997 0 0 1 -0.0023826812687
1 0 0 -8.35477464989e-10 0 1 0 175.499999996 0 0 1 -0.00242393873189
1 0 0 -1.06197006744e-09 0 1 0 176.999999997 0 0 1 -0.00246555088593
1 0 0 -1.28574129121e-09 0 1 0 178.499999995 0 0 1 -0.00250751651078
1 0 0 -9.16351439173e-10 0 1 0 179.999999995 0 0 1 -0.00254983731301
1 0 0 -8.85130191364e-10 0 1 0 181.499999995 0 0 1 -0.00259251217143
1 0 0 -8.51180459449e-10 0 1 0 182.999999995 0 0 1 -0.00263553976035
1 0 0 -1.15540643719e-09 0 1 0 184.499999994 0 0 1 -0.00267892189896
1 0 0 -8.66471339123e-10 0 1 0 185.999999994 0 0 1 -0.0027226589682
1 0 0 -9.15697739856e-10 0 1 0 187.499999993 0 0 1 -0.00276675083391
1 0 0 -8.99824215139e-10 0 1 0 188.999999992 0 0 1 -0.00281119631157
1 0 0 -1.28449784143e-09 0 1 0 190.499999992 0 0 1 -0.00285599471721
1 0 0 -1.1383960441e-09 0 1 0 191.999999991 0 0 1 -0.00290114766555
1 0 0 -8.64808669121e-10 0 1 0 193.499999991 0 0 1 -0.00294665535405
1 0 0 -9.29382792947e-10 0 1 0 194.999999991 0 0 1 -0.00299251709872
1 0 0 -9.28849885895e-10 0 1 0 196.49999999 0 0 1 -0.00303873294888
1 0 0 -8.63202842538e-10 0 1 0 197.999999988 0 0 1 -0.00308530290452
1 0 0 -1.13572440341e-09 0 1 0 199.499999988 0 0 1 -0.00313222642279
1 0 0 -1.21836762901e-09 0 1 0 200.999999989 0 0 1 -0.00317950506916
1 0 0 -8.95013840818e-10 0 1 0 202.499999988 0 0 1 -0.00322713723564
1 0 0 -8.47435899232e-10 0 1 0 203.999999987 0 0 1 -0.00327512483327
1 0 0 -1.26279786627e-09 0 1 0 205.499999986 0 0 1 -0.0033234637371
1 0 0 -9.60227453106e-10 0 1 0 206.999999986 0 0 1 -0.00337216032155
1 0 0 -1.18298260077e-09 0 1 0 208.499999985 0 0 1 -0.0034212083178
1 0 0 -1.27824506535e-09 0 1 0 209.999999984 0 0 1 -0.00347061105421
1 0 0 -1.18362919466e-09 0 1 0 211.499999983 0 0 1 -0.00352036941224
1 0 0 -1.14867049206e-09 0 1 0 212.999999983 0 0 1 -0.00357047961934
1 0 0 -9.23833454181e-10 0 1 0 214.499999982 0 0 1 -0.00362094569481
1 0 0 -1.03716502053e-09 0 1 0 215.999999982 0 0 1 -0.00367176582645
1 0 0 -1.14776810278e-09 0 1 0 217.49999998 0 0 1 -0.00372293918213
1 0 0 -1.13087850195e-09 0 1 0 218.999999979 0 0 1 -0.00377446703121
1 0 0 -9.86496218047e-10 0 1 0 220.49999998 0 0 1 -0.00382634888017
1 0 0 -1.18027543294e-09 0 1 0 221.99999998 0 0 1 -0.0038785852788
1 0 0 -9.05671981855e-10 0 1 0 223.499999978 0 0 1 -0.00393117632578
1 0 0 -9.69237134996e-10 0 1 0 224.999999977 0 0 1 -0.00398412044187
1 0 0 -9.05302499632e-10 0 1 0 226.499999977 0 0 1 -0.00403741954487
1 0 0 -8.38653591018e-10 0 1 0 227.999999975 0 0 1 -0.00409107187194
1 0 0 -1.04777342358e-09 0 1 0 229.499999975 0 0 1 -0.00414507864308
1 0 0 -1.19179333069e-09 0 1 0 230.999999974 0 0 1 -0.00419943976645
1 0 0 -1.2706991015e-09 0 1 0 232.499999973 0 0 1 -0.00425415450182
1 0 0 -1.15972653703e-09 0 1 0 233.999999973 0 0 1 -0.00430922485876
1 0 0 -1.10841114065e-09 0 1 0 235.499999971 0 0 1 -0.00436464755829
1 0 0 -1.2704930441e-09 0 1 0 236.99999997 0 0 1 -0.00442042607692
1 0 0 -9.64192281572e-10 0 1 0 238.499999969 0 0 1 -0.00447655825678
1 0 0 -1.05844577547e-09 0 1 0 239.999999969 0 0 1 -0.00453304311786
1 0 0 -1.02519948086e-09 0 1 0 241.499999967 0 0 1 -0.0045898834594
1 0 0 -8.6446050318e-10 0 1 0 242.999999967 0 0 1 -0.0046470778008
1 0 0 -1.10427578193e-09 0 1 0 244.499999966 0 0 1 -0.00470462556368
1 0 0 -1.15420561997e-09 0 1 0 245.999999965 0 0 1 -0.00476252944171
1 0 0 -1.26379973153e-09 0 1 0 247.499999964 0 0 1 -0.00482078467527
1 0 0 -1.18351550782e-09 0 1 0 248.999999963 0 0 1 -0.00487939602397
1 0 0 -1.0381171478e-09 0 1 0 250.499999963 0 0 1 -0.00493836098462
1 0 0 -1.23088739201e-09 0 1 0 251.999999961 0 0 1 -0.00499768074174
1 0 0 -9.55274970238e-10 0 1 0 253.49999996 0 0 1 -0.00505735341984
1 0 0 -9.55438395067e-10 0 1 0 254.99999996 0 0 1 -0.00511738078877
1 0 0 -8.90494789019e-10 0 1 0 256.499999958 0 0 1 -0.00517776275674
1 0 0 -1.1637197872e-09 0 1 0 257.999999958 0 0 1 -0.00523849804058
1 0 0 -9.0616936177e-10 0 1 0 259.499999956 0 0 1 -0.00529958910096
1 0 0 -1.04917319277e-09 0 1 0 260.999999954 0 0 1 -0.00536103284252
1 0 0 -1.06468434069e-09 0 1 0 262.499999954 0 0 1 -0.00542283083072
1 0 0 -1.01508845773e-09 0 1 0 263.999999953 0 0 1 -0.0054849829244
1 0 0 -9.00378438473e-10 0 1 0 265.499999952 0 0 1 -0.00554748863004
1 0 0 -1.06145137124e-09 0 1 0 266.99999995 0 0 1 -0.00561034976684
1 0 0 -1.21979581991e-09 0 1 0 268.499999949 0 0 1 -0.00567356363412
1 0 0 -1.25065469092e-09 0 1 0 269.999999948 0 0 1 -0.00573713224158
1 0 0 -1.15401377343e-09 0 1 0 271.499999946 0 0 1 -0.00580105608272
1 0 0 -9.92258719634e-10 0 1 0 272.999999945 0 0 1 -0.00586533353584
1 0 0 -1.16867227007e-09 0 1 0 274.499999943 0 0 1 -0.00592996479836
1 0 0 -1.21759313743e-09 0 1 0 275.999999943 0 0 1 -0.00599495080102
1 0 0 -1.2637926261e-09 0 1 0 277.499999941 0 0 1 -0.00606028978098
1 0 0 -1.18249943171e-09 0 1 0 278.99999994 0 0 1 -0.00612598399462
1 0 0 -1.03609920643e-09 0 1 0 280.499999939 0 0 1 -0.00619203107993
1 0 0 -8.2458484485e-10 0 1 0 281.999999937 0 0 1 -0.00625843301101
1 0 0 -8.88846329872e-10 0 1 0 283.499999937 0 0 1 -0.00632518913942
1 0 0 -8.25608026389e-10 0 1 0 284.999999935 0 0 1 -0.00639230074827
1 0 0 -1.28770238916e-09 0 1 0 286.499999933 0 0 1 -0.0064597635222
1 0 0 -1.09425002393e-09 0 1 0 287.999999932 0 0 1 -0.00652758210819
1 0 0 -1.23897336834e-09 0 1 0 289.499999931 0 0 1 -0.00659575549068
1 0 0 -8.52921289152e-10 0 1 0 290.999999931 0 0 1 -0.00666428267559
1 0 0 -9.29802013161e-10 0 1 0 292.499999928 0 0 1 -0.00673316314081
1 0 0 -1.28247279463e-09 0 1 0 293.999999926 0 0 1 -0.00680239805013
1 0 0 -1.04196828943e-09 0 1 0 295.499999925 0 0 1 -0.00687198838358
1 0 0 -1.26442500914e-09 0 1 0 296.999999924 0 0 1 -0.00694193076359
1 0 0 -8.93706442184e-10 0 1 0 298.499999922 0 0 1 -0.00701222881449
