0.999999999999 -9.999995e-07 1.0000005e-06 9.98727789704e-07 1.0000005e-06 0.999999999999 -9.999995e-07 9.99819357029e-07 -9.999995e-07 1.0000005e-06 0.999999999999 1.00028908918e-06
1 -1.69299549728e-12 8.29736009713e-13 5.19550008222e-13 1.69299549728e-12 1 -2.5477773408e-12 4.77249696773e-13 -8.29736009708e-13 2.5477773408e-12 1 4.98521088429e-13
1 -1.01579125432e-11 1.15013637183e-11 4.21211967255e-09 1.01579125433e-11 1 -8.38481935033e-12 1.81548727942e-10 -1.15013637182e-11 8.38481935045e-12 1 2.12148374925e-09
1 1.51225372188e-09 6.76538055135e-09 -3.37053889338e-10 -1.51225369539e-09 1 -3.91467559443e-09 1.657856813e-09 -6.76538055727e-09 3.9146755842e-09 1 1.16979966955e-09
1 1.51455872612e-09 8.89090675443e-09 -1.50402370548e-09 -1.51455868036e-09 1 -5.14639226754e-09 1.71689750992e-09 -8.89090676223e-09 5.14639225408e-09 1 7.3381950215e-10
1 1.24670845787e-09 8.47103974237e-09 -1.63162393135e-09 -1.24670841659e-09 1 -4.87265050279e-09 1.40840660387e-09 -8.47103974844e-09 4.87265049223e-09 1 5.0229290072e-10
1 9.64215195889e-10 7.29381970375e-09 -1.47334668573e-09 -9.64215165518e-10 1 -4.16395437466e-09 1.06276273925e-09 -7.29381970777e-09 4.16395436762e-09 1 3.68634724732e-10
1 7.23099217997e-10 6.04755061736e-09 -1.27220136596e-09 -7.23099197262e-10 1 -3.42877565146e-09 7.70831163388e-10 -6.04755061984e-09 3.42877564708e-09 1 2.87360610817e-10
1 5.30373570665e-10 4.93589719469e-09 -1.09887576826e-09 -5.30373556928e-10 1 -2.78324511122e-09 5.45988523466e-10 -4.93589719617e-09 2.78324510861e-09 1 2.36257770687e-10
1 3.80635369746e-10 3.99361131011e-09 -9.66461986399e-10 -3.80635360788e-10 1 -2.2431988042e-09 3.79198372375e-10 -3.99361131096e-09 2.24319880268e-09 1 2.0343424632e-10
1 2.66145218795e-10 3.20682894505e-09 -8.70621978781e-10 -2.66145213032e-10 1 -1.79695142632e-09 2.57394612055e-10 -3.20682894553e-09 1.79695142547e-09 1 1.82086631259e-10
1 1.79659247883e-10 2.55272236759e-09 -8.03334905365e-10 -1.79659244235e-10 1 -1.42882259446e-09 1.68988157456e-10 -2.55272236784e-09 1.428822594e-09 1 1.68125303191e-10
1 1.15099068095e-10 2.0103848456e-09 -7.57161344896e-10 -1.15099065833e-10 1 -1.12524297658e-09 1.04974424919e-10 -2.01038484573e-09 1.12524297635e-09 1 1.58998427534e-10
1 6.75662259617e-11 1.5626301368e-09 -7.26212702251e-10 -6.75662245937e-11 1 -8.7548103325e-10 5.86929744629e-11 -1.56263013686e-09 8.75481033144e-10 1 1.53068434048e-10
1 3.31780899993e-11 1.19543909466e-09 -7.06083767473e-10 -3.31780891971e-11 1 -6.71066603581e-10 2.52978336188e-11 -1.19543909468e-09 6.71066603542e-10 1 1.49262578437e-10
1 8.87838003072e-12 8.97100940704e-10 -6.93540166637e-10 -8.87837957758e-12 1 -5.05119530002e-10 1.26737495181e-12 -8.97100940709e-10 5.05119529994e-10 1 1.46867914317e-10
1 -7.73177912545e-12 6.57547032913e-10 -6.86212186124e-10 7.73177936996e-12 1 -3.71854019502e-10 -1.59727156812e-11 -6.57547032911e-10 3.71854019507e-10 1 1.45406246507e-10
1 -1.85324864844e-11 4.67921497478e-10 -6.82356169877e-10 1.8532486609e-11 1 -2.66263118322e-10 -2.83197154799e-11 -4.67921497473e-10 2.66263118331e-10 1 1.44555367937e-10
1 -2.49951556402e-11 3.20330898065e-10 -6.80683926846e-10 2.49951556991e-11 1 -1.83933573407e-10 -3.71820121091e-11 -3.2033089806e-10 1.83933573415e-10 1 1.44098096957e-10
1 -2.82688648074e-11 2.07710689923e-10 -6.80245340038e-10 2.82688648325e-11 1 -1.20944352004e-10 -4.36088271695e-11 -2.07710689919e-10 1.2094435201e-10 1 1.43888566749e-10
1 -2.92478915421e-11 1.23761034705e-10 -6.80348555235e-10 2.92478915513e-11 1 -7.3814844077e-11 -4.8379928958e-11 -1.23761034703e-10 7.38148440806e-11 1 1.4382957436e-10
1 -2.86246333499e-11 6.29184641743e-11 -6.80504973904e-10 2.86246333524e-11 1 -3.94795710947e-11 -5.20686319331e-11 -6.29184641731e-11 3.94795710965e-11 1 1.43857142228e-10
1 -2.69312566712e-11 2.0340171392e-11 -6.80389519064e-10 2.69312566715e-11 1 -1.52738567276e-11 -5.50873880449e-11 -2.03401713915e-11 1.52738567281e-11 1 1.43929925641e-10
1 -2.4572653218e-11 -8.1144225109e-12 -6.79809544589e-10 2.4572653218e-11 1 1.07958167446e-12 -5.77222957109e-11 8.11442251087e-12 -1.07958167466e-12 1 1.44021902428e-10
1 -2.1852667007e-11 -2.59136244086e-11 -6.7867823182e-10 2.18526670073e-11 1 1.14888836229e-11 -6.01606165372e-11 2.59136244084e-11 -1.14888836235e-11 1 1.44117318784e-10
1 -1.89950798051e-11 -3.5898220984e-11 -6.76990332615e-10 1.89950798057e-11 1 1.75184877508e-11 -6.25137203157e-11 3.58982209837e-11 -1.75184877515e-11 1 1.44207209802e-10
1 -1.61604826482e-11 -4.034001952e-11 -6.74799606343e-10 1.6160482649e-11 1 2.04215580525e-11 -6.48366935372e-11 4.03400195196e-11 -2.04215580531e-11 1 1.44287008629e-10
1 -1.34598911308e-11 -4.10103972577e-11 -6.72198214803e-10 1.34598911316e-11 1 2.11775479149e-11 -6.71450966493e-11 4.10103972574e-11 -2.11775479155e-11 1 1.44354911459e-10
1 -1.09657605427e-11 -3.925383149e-11 -6.69298721165e-10 1.09657605436e-11 1 2.05323017097e-11 -6.94289748791e-11 3.92538314897e-11 -2.05323017101e-11 1 1.44410796522e-10
1 -8.72090648876e-12 -3.60614019337e-11 -6.66219310113e-10 8.72090648944e-12 1 1.90380573661e-11 -7.16641216522e-11 3.60614019335e-11 -1.90380573664e-11 1 1.44455480612e-10
1 -6.74572423529e-12 -3.21401161826e-11 -6.63072574835e-10 6.74572423584e-12 1 1.70911492344e-11 -7.38206539017e-11 3.21401161825e-11 -1.70911492346e-11 1 1.44490248426e-10
1 -5.04401590489e-12 -2.79751632848e-11 -6.59957863373e-10 5.04401590531e-12 1 1.49658703813e-11 -7.58690866603e-11 2.79751632848e-11 -1.49658703814e-11 1 1.44516565241e-10
1 -3.60767139645e-12 -2.38834945358e-11 -6.56956860107e-10 3.60767139675e-12 1 1.28436410709e-11 -7.77842194385e-11 2.38834945358e-11 -1.2843641071e-11 1 1.44535887848e-10
1 -2.42040113901e-12 -2.00582406449e-11 -6.54131860793e-10 2.42040113923e-12 1 1.08372225562e-11 -7.95472302337e-11 2.00582406449e-11 -1.08372225562e-11 1 1.44549568124e-10
1 -1.4606824044e-12 -1.66042999261e-11 -6.51526097406e-10 1.46068240454e-12 1 9.0101568073e-12 -8.114640289e-11 1.66042999261e-11 -9.01015680732e-12 1 1.44558799947e-10
1 -7.04052907542e-13 -1.35659616796e-11 -6.49165466807e-10 7.04052907642e-13 1 7.39189649365e-12 -8.25768958339e-11 1.35659616796e-11 -7.39189649366e-12 1 1.44564604344e-10
1 -1.2486358004e-13 -1.09477027284e-11 -6.47061085715e-10 1.24863580105e-13 1 5.98923654527e-12 -8.38399091791e-11 1.09477027284e-11 -5.98923654527e-12 1 1.44567831273e-10
1 3.02414981122e-13 -8.72937471935e-12 -6.45212202039e-10 -3.0241498108e-13 1 4.79470174699e-12 -8.49415385287e-11 8.72937471935e-12 -4.79470174698e-12 1 1.44569173646e-10
1 6.02251934139e-13 -6.87694861323e-12 -6.43609113192e-10 -6.02251934113e-13 1 3.79251781439e-12 -8.58915307871e-11 6.87694861323e-12 -3.79251781439e-12 1 1.44569176963e-10
1 7.97412731745e-13 -5.34985499542e-12 -6.42235856908e-10 -7.97412731729e-13 1 2.96272532755e-12 -8.67020892758e-11 5.34985499542e-12 -2.96272532755e-12 1 1.44568271335e-10
1 9.08553883664e-13 -4.10579614285e-12 -6.41072538346e-10 -9.08553883655e-13 1 2.28390898954e-12 -8.73868178156e-11 4.10579614286e-12 -2.28390898954e-12 1 1.44566785106e-10
1 9.54005628261e-13 -3.10373684376e-12 -6.40097234291e-10 -9.54005628255e-13 1 1.73492430788e-12 -8.79598483595e-11 3.10373684376e-12 -1.73492430788e-12 1 1.445649645e-10
1 9.49699650564e-13 -2.30562354286e-12 -6.39287470621e-10 -9.49699650561e-13 1 1.29591948187e-12 -8.84351641532e-11 2.30562354286e-12 -1.29591948187e-12 1 1.4456298715e-10
1 9.0920566697e-13 -1.67724482525e-12 -6.38621305204e-10 -9.09205666968e-13 1 9.48877030375e-13 -8.88261088332e-11 1.67724482525e-12 -9.48877030373e-13 1 1.44560978963e-10
1 8.43846586734e-13 -1.18853397574e-12 -6.38078068659e-10 -8.43846586733e-13 1 6.7783936137e-13 -8.9145059262e-11 1.18853397574e-12 -6.77839361369e-13 1 1.44559029856e-10
1 7.62867234974e-13 -8.13525968262e-13 -6.37638823779e-10 -7.62867234974e-13 1 4.68934891912e-13 -8.94032340432e-11 8.13525968262e-13 -4.68934891912e-13 1 1.44557187935e-10
1 6.73636329754e-13 -5.30114238618e-13 -6.37286604627e-10 -6.73636329754e-13 1 3.10285156878e-13 -8.96106085154e-11 5.30114238618e-13 -3.10285156878e-13 1 1.44555493085e-10
1 5.81865506729e-13 -3.19703588258e-13 -6.3700649131e-10 -5.81865506729e-13 1 1.91846762631e-13 -8.97759088655e-11 3.19703588258e-13 -1.91846762631e-13 1 1.44553956941e-10
1 4.91832814078e-13 -1.66820762289e-13 -6.36785568737e-10 -4.91832814078e-13 1 1.05223108061e-13 -8.99066615109e-11 1.66820762289e-13 -1.05223108061e-13 1 1.44552589653e-10
1 4.06601199055e-13 -5.87204004555e-14 -6.36612808953e-10 -4.06601199055e-13 1 4.34677080636e-14 -9.00092780958e-11 5.87204004556e-14 -4.34677080636e-14 1 1.44551383383e-10
1 3.28225156983e-13 1.49918343551e-14 -6.36478907985e-10 -3.28225156983e-13 1 8.92169797448e-16 -9.00891606916e-11 -1.49918343551e-14 -8.92169797452e-16 1 1.44550329456e-10
1 2.57940916304e-13 6.27073586548e-14 -6.36376100397e-10 -2.57940916304e-13 1 -2.71138552489e-14 -9.01508156786e-11 -6.27073586548e-14 2.71138552489e-14 1 1.44549418101e-10
1 1.96337348283e-13 9.1128781042e-14 -6.36297968073e-10 -1.96337348283e-13 1 -4.42470466991e-14 -9.01979681346e-11 -9.1128781042e-14 4.42470466991e-14 1 1.44548638411e-10
1 1.43506226448e-13 1.05548593478e-13 -6.36239254397e-10 -1.43506226448e-13 1 -5.3437650328e-14 -9.02336712726e-11 -1.05548593478e-13 5.34376503279e-14 1 1.44547972307e-10
1 9.91715991514e-14 1.10093225074e-13 -6.36195690796e-10 -9.91715991514e-14 1 -5.69794329743e-14 -9.02604075867e-11 -1.10093225074e-13 5.69794329743e-14 1 1.44547404081e-10
1 6.27988683074e-14 1.07934378959e-13 -6.36163839541e-10 -6.27988683074e-14 1 -5.66429826915e-14 -9.02801799424e-11 -1.07934378959e-13 5.66429826915e-14 1 1.44546926627e-10
1 3.3684794504e-14 1.01470219192e-13 -6.36140954428e-10 -3.3684794504e-14 1 -5.3773401858e-14 -9.02945919631e-11 -1.01470219192e-13 5.3773401858e-14 1 1.44546525776e-10
1 1.10300214679e-14 9.24791736886e-14 -6.36124859526e-10 -1.10300214679e-14 1 -4.93736587964e-14 -9.03049178226e-11 -9.24791736886e-14 4.93736587964e-14 1 1.44546192501e-10
1 -6.0040077523e-15 8.22492157932e-14 -6.36113845161e-10 6.0040077523e-15 1 -4.41749599708e-14 -9.03121620278e-11 -8.22492157932e-14 4.41749599708e-14 1 1.44545913598e-10
1 -1.82518111532e-14 7.16854094429e-14 -6.36106579776e-10 1.82518111532e-14 1 -3.86955282657e-14 -9.03171100465e-11 -7.16854094429e-14 3.86955282657e-14 1 1.44545682374e-10
1 -2.65123218482e-14 6.13984142382e-14 -6.36102036038e-10 2.65123218482e-14 1 -3.328915037e-14 -9.03203707597e-11 -6.13984142382e-14 3.328915037e-14 1 1.44545488451e-10
1 -3.15271483029e-14 5.17764646761e-14 -6.36099429444e-10 3.15271483029e-14 1 -2.8184803173e-14 -9.03224117483e-11 -5.17764646761e-14 2.8184803173e-14 1 1.44545327979e-10
1 -3.39668794573e-14 4.30431979809e-14 -6.36098167762e-10 3.39668794573e-14 1 -2.35185944287e-14 -9.03235883879e-11 -4.30431979809e-14 2.35185944287e-14 1 1.44545196243e-10
1 -3.44238150606e-14 3.53034751251e-14 -6.36097809707e-10 3.44238150606e-14 1 -1.93591628978e-14 -9.03241676589e-11 -3.53034751251e-14 1.93591628978e-14 1 1.44545088485e-10
1 -3.34096971123e-14 2.85791559963e-14 -6.3609803144e-10 3.34096971123e-14 1 -1.5727582638e-14 -9.03243474882e-11 -2.85791559963e-14 1.5727582638e-14 1 1.44544997269e-10
1 -3.13571956531e-14 2.28365688695e-14 -6.36098599594e-10 3.13571956531e-14 1 -1.26127093878e-14 -9.03242723488e-11 -2.28365688695e-14 1.26127093878e-14 1 1.44544924999e-10
1 -2.86240877707e-14 1.80072107404e-14 -6.36099349754e-10 2.86240877707e-14 1 -9.98279803893e-15 -9.0324045746e-11 -1.80072107404e-14 9.98279803893e-15 1 1.44544863793e-10
1 -2.54992517312e-14 1.40030064777e-14 -6.36100169398e-10 2.54992517312e-14 1 -7.79411254651e-15 -9.03237401366e-11 -1.40030064777e-14 7.79411254651e-15 1 1.44544813234e-10
1 -2.22097558133e-14 1.07272485214e-14 -6.36100984512e-10 2.22097558133e-14 1 -5.99714628513e-15 -9.03234047424e-11 -1.07272485214e-14 5.99714628513e-15 1 1.44544775282e-10
1 -1.89284732342e-14 8.08218749957e-15 -6.36101749181e-10 1.89284732342e-14 1 -4.54097417655e-15 -9.03230716515e-11 -8.08218749957e-15 4.54097417655e-15 1 1.44544742354e-10
1 -1.57817849061e-14 5.9740508231e-15 -6.36102437575e-10 1.57817849061e-14 1 -3.37616958863e-15 -9.03227605359e-11 -5.9740508231e-15 3.37616958863e-15 1 1.44544714688e-10
1 -1.28570463003e-14 4.31612884898e-15 -6.36103037857e-10 1.28570463003e-14 1 -2.45664005243e-15 -9.03224822605e-11 -4.31612884898e-15 2.45664005243e-15 1 1.44544691965e-10
1 -1.02095844747e-14 3.03046441341e-15 -6.36103547611e-10 1.02095844747e-14 1 -1.74066670504e-15 -9.03222416103e-11 -3.03046441341e-15 1.74066670504e-15 1 1.44544673617e-10
1 -7.86908827059e-15 2.04852427948e-15 -6.36103970464e-10 7.86908827059e-15 1 -1.19137297732e-15 -9.03220393222e-11 -2.04852427948e-15 1.19137297732e-15 1 1.44544658992e-10
1 -5.84528963382e-15 1.31118999062e-15 -6.36104313638e-10 5.84528963382e-15 1 -7.76797963676e-16 -9.03218735747e-11 -1.31118999062e-15 7.76797963676e-16 1 1.44544650507e-10
1 -4.13291309231e-15 7.68302764434e-16 -6.36104586213e-10 4.13291309231e-15 1 -4.6970842339e-16 -9.03217410589e-11 -7.68302764434e-16 4.6970842339e-16 1 1.44544641346e-10
1 -2.71588917955e-15 3.77929644532e-16 -6.36104797935e-10 2.71588917955e-15 1 -2.47249586809e-16 -9.03216377288e-11 -3.77929644532e-16 2.47249586809e-16 1 1.44544632605e-10
1 -1.57086713053e-15 1.05497412553e-16 -6.3610495843e-10 1.57086713053e-15 1 -9.05079150273e-17 -9.03215593119e-11 -1.05497412553e-16 9.05079150273e-17 1 1.44544624801e-10
1 -6.70073998872e-16 -7.71286466265e-17 -6.36105076711e-10 6.70073998872e-16 1 1.59622846717e-17 -9.03215016404e-11 7.71286466265e-17 -1.59622846717e-17 1 1.44544618117e-10
1 1.64151018671e-17 -1.92544603828e-16 -6.36105160903e-10 -1.64151018671e-17 1 8.4612886379e-17 -9.03214608529e-11 1.92544603828e-16 -8.4612886379e-17 1 1.44544612551e-10
1 5.18931655977e-16 -2.58668784097e-16 -6.36105218116e-10 -5.18931655977e-16 1 1.25353531001e-16 -9.03214335031e-11 2.58668784097e-16 -1.25353531001e-16 1 1.44544608009e-10
1 8.66915273722e-16 -2.89519000173e-16 -6.36105254421e-10 -8.66915273722e-16 1 1.45966883029e-16 -9.03214166051e-11 2.89519000173e-16 -1.45966883029e-16 1 1.4454460436e-10
1 1.08799849168e-15 -2.95904780777e-16 -6.36105274895e-10 -1.08799849168e-15 1 1.52480319364e-16 -9.03214076356e-11 2.95904780777e-16 -1.52480319364e-16 1 1.44544601463e-10
1 1.20740763714e-15 -2.86034484334e-16 -6.36105283694e-10 -1.20740763714e-15 1 1.49491471467e-16 -9.03214045089e-11 2.86034484334e-16 -1.49491471467e-16 1 1.44544599185e-10
1 1.24761588473e-15 -2.66029769372e-16 -6.36105284163e-10 -1.24761588473e-15 1 1.40448184095e-16 -9.03214055372e-11 2.66029769372e-16 -1.40448184095e-16 1 1.44544597408e-10
1 1.22819875751e-15 -2.40362728461e-16 -6.36105278938e-10 -1.22819875751e-15 1 1.27885458082e-16 -9.03214093824e-11 2.40362728461e-16 -1.27885458082e-16 1 1.44544596029e-10
1 1.16584054019e-15 -2.12219755301e-16 -6.36105270059e-10 -1.16584054019e-15 1 1.13623114969e-16 -9.03214150064e-11 2.12219755301e-16 -1.13623114969e-16 1 1.44544594966e-10
1 1.07445167453e-15 -1.83794505609e-16 -6.36105259066e-10 -1.07445167453e-15 1 9.89284958809e-17 -9.03214216222e-11 1.83794505609e-16 -9.89284958809e-17 1 1.44544594151e-10
1 9.65366442196e-16 -1.56532305106e-16 -6.36105247096e-10 -9.65366442196e-16 1 8.46486694078e-17 -9.03214286498e-11 1.56532305106e-16 -8.46486694078e-17 1 1.44544593527e-10
1 8.47584770044e-16 -1.31321197284e-16 -6.36105234961e-10 -8.47584770044e-16 1 7.13165119147e-17 -9.03214356749e-11 1.31321197284e-16 -7.13165119147e-17 1 1.44544593051e-10
1 7.28043605584e-16 -1.08642827869e-16 -6.36105223219e-10 -7.28043605584e-16 1 5.92347414117e-17 -9.03214424151e-11 1.08642827869e-16 -5.92347414117e-17 1 1.4454459269e-10
1 6.11897917534e-16 -8.86922579636e-17 -6.36105212228e-10 -6.11897917534e-16 1 4.85416073098e-17 -9.03214486894e-11 8.86922579636e-17 -4.85416073098e-17 1 1.44544592416e-10
1 6.85984773048e-16 -1.08613329178e-16 -6.36105202201e-10 -6.85984773048e-16 1 6.01112268641e-17 -9.03214543937e-11 1.08613329178e-16 -6.01112268641e-17 1 1.44544592208e-10
1 7.33191083869e-16 -1.22369142683e-16 -6.36105193227e-10 -7.33191083869e-16 1 6.81998810406e-17 -9.0321459488e-11 1.22369142683e-16 -6.81998810406e-17 1 1.44544592052e-10
1 7.51668154701e-16 -1.29920440526e-16 -6.36105185851e-10 -7.51668154701e-16 1 7.27768665479e-17 -9.03214636733e-11 1.29920440526e-16 -7.27768665479e-17 1 1.44544591934e-10
1 7.4069119004e-16 -1.31123121243e-16 -6.36105180078e-10 -7.4069119004e-16 1 7.37537191004e-17 -9.03214669504e-11 1.31123121243e-16 -7.37537191004e-17 1 1.44544591845e-10
1 7.0068958265e-16 -1.25933986162e-16 -6.36105175655e-10 -7.0068958265e-16 1 7.10995730483e-17 -9.03214694622e-11 1.25933986162e-16 -7.10995730483e-17 1 1.44544591779e-10
1 6.33232408126e-16 -1.14533876797e-16 -6.36105172239e-10 -6.33232408126e-16 1 6.49088399476e-17 -9.03214714031e-11 1.14533876797e-16 -6.49088399476e-17 1 1.44544591728e-10
1 5.40961985747e-16 -9.73824143523e-17 -6.36105169483e-10 -5.40961985747e-16 1 5.54348879572e-17 -9.03214729689e-11 9.73824143523e-17 -5.54348879572e-17 1 1.44544591691e-10
1 4.27494087408e-16 -7.52354697739e-17 -6.36105167083e-10 -4.27494087408e-16 1 4.30987548173e-17 -9.03214743313e-11 7.52354697739e-17 -4.30987548173e-17 1 1.44544591663e-10
0.999963721284 2.30578376568e-16 -0.00851798775769 0.233444374299 -2.30498286809e-16 1 1.03841357351e-17 -9.03214756263e-11 0.00851798775769 -8.42037742677e-18 0.999963721284 1.4454459247e-10
0.999833032622 7.51952541007e-10 -0.0182731189734 0.415325958233 -2.67286526692e-10 1 2.65258844509e-08 -1.01313119451e-10 0.0182731189734 -2.65165713351e-08 0.999833032622 4.28792068188e-05
0.999681923494 2.26685158206e-09 -0.0252200681676 0.555261468058 -4.0775146263e-10 1 7.37202533805e-08 3.77648322216e-10 0.0252200681676 -7.36865211802e-08 0.999681923494 8.29759444645e-05
0.999605035747 5.14899810425e-09 -0.0281028914708 0.661884158899 -1.6816521242e-09 1 1.23404033928e-07 1.92605513116e-09 0.0281028914708 -1.23308034458e-07 0.999605035747 7.66236217861e-05
0.999630007085 9.23143273544e-09 -0.0272001642637 0.742578939154 -4.91375211479e-09 1 1.58804139278e-07 4.76964419841e-09 0.0272001642637 -1.58611728007e-07 0.999630007085 3.94376426095e-05
0.9998905889 -5.75136093661e-09 -0.0147922354699 0.569977717568 8.26047766659e-09 1 1.69562805238e-07 8.62964106638e-09 0.0147922354699 -1.69666444116e-07 0.999890588899 5.35251175532e-06
0.999999901802 -1.52922497177e-08 0.000443166288366 0.433951910772 1.52355391065e-08 1 1.27970265009e-07 1.27010694507e-08 -0.000443166288368 -1.27963500565e-07 0.999999901802 0.000112439107532
0.999909712624 -2.3378722133e-08 0.0134375072515 0.328660685987 2.27879114928e-08 1 4.4120393001e-08 1.55992995835e-08 -0.0134375072515 -4.38101967606e-08 0.999909712624 0.000267176638187
0.999755385364 -2.77893669792e-08 0.0221171751363 0.248338243929 2.90445305397e-08 1 -5.64293964068e-08 1.60348967304e-08 -0.0221171751363 5.70579759192e-08 0.999755385364 0.000330646752619
0.999655510878 -2.68626284047e-08 0.0262461344064 0.187737722892 3.07701500847e-08 1 -1.48476024607e-07 1.33962954545e-08 -0.0262461344064 1.49232473727e-07 0.999655510878 0.00027590857167
0.999647724825 -2.15295305729e-08 0.0265410296011 0.142353954646 2.72291121532e-08 1 -2.14384653704e-07 7.83568217928e-09 -0.0265410296011 2.15031819985e-07 0.999647724825 0.000164980337776
0.99971007308 -1.40652429772e-08 0.0240784090503 0.108486265673 1.99929695528e-08 1 -2.45943578047e-07 1.80033689928e-10 -0.0240784090503 2.46353671282e-07 0.99971007308 7.01945353867e-05
0.999800843067 -6.51126176381e-09 0.0199568084039 0.0832009974417 1.13693493312e-08 1 -2.43316625802e-07 -8.28757499004e-09 -0.0199568084039 2.43495063535e-07 0.999800843067 2.73405547861e-05
0.999885662975 -3.607047683e-11 0.0151215401603 0.0642410612772 3.25106766911e-09 1 -2.12585850435e-07 -1.61647859497e-08 -0.0151215401603 2.12610705152e-07 0.999885662975 3.27822559163e-05
0.999947074819 4.92601093021e-09 0.0102882243653 0.0499139443232 -3.25003049347e-09 1 -1.62919507358e-07 -2.22658954724e-08 -0.0102882243653 1.62877447771e-07 0.999947074819 6.28149140331e-05
0.999982411584 8.32449984873e-09 0.0059309798734 0.0389776627299 -7.70724199188e-09 1 -1.04096359827e-07 -2.58397238432e-08 -0.0059309798734 1.04048817439e-07 0.999982411584 9.34566310165e-05
0.999997330497 1.0266801098e-08 0.00231062738802 0.030536222191 -1.01634032962e-08 1 -4.47605414789e-08 -2.66344698498e-08 -0.00231062738802 4.47369381525e-08 0.999997330497 0.000110721869122
0.999999885638 1.09452700844e-08 -0.000478251386231 0.0239505327871 -1.09411893861e-08 1 8.53515467512e-09 -2.48410039376e-08 0.000478251386231 -8.52992106003e-09 0.999999885638 0.000111563590467
0.999996981837 1.06232051717e-08 -0.0024568915183 0.0187667063604 -1.04963908761e-08 1 5.16286431098e-08 -2.09683179071e-08 0.0024568915183 -5.16026987924e-08 0.999996981837 9.9922808507e-05
0.999993090355 9.61013656121e-09 -0.00371742402521 0.0146610384347 -9.30317416223e-09 1 8.2591245584e-08 -1.56990088107e-08 0.00371742402521 -8.25560910647e-08 0.999993090355 8.20683667801e-05
0.99999037629 8.21534614728e-09 -0.00438717767129 0.0113995257572 -7.77095528867e-09 1 1.01310153666e-07 -9.7572668136e-09 0.00438717767129 -1.01275086125e-07 0.99999037629 6.34250580358e-05
0.999989406874 6.70011947851e-09 -0.00460284047583 0.00880919123173 -6.1986212788e-09 1 1.08968334905e-07 -3.80663261704e-09 0.00460284047583 -1.08938649325e-07 0.999989406874 4.72912090525e-05
0.999989903992 5.2490773004e-09 -0.00449354126671 0.00675847593837 -4.76592953364e-09 1 1.07531199769e-07 1.61669590757e-09 0.00449354126671 -1.07508698232e-07 0.999989903992 3.49046022627e-05
0.999991300428 3.96672101849e-09 -0.00417121910023 0.00514426219308 -3.55252925955e-09 1 9.93049404669e-08 6.13660815583e-09 0.00417121910023 -9.92892581785e-08 0.999991300428 2.61180083209e-05
0.999993056724 2.89275702851e-09 -0.00372645984399 0.00388353017941 -2.57007570778e-09 1 8.65967108147e-08 9.54159839728e-09 0.00372645984399 -8.6586532266e-08 0.999993056724 2.01370164575e-05
0.999994789716 2.02500492656e-09 -0.00322808611514 0.00290810782318 -1.7942624813e-09 1 7.14825396959e-08 1.17686338358e-08 0.00322808611514 -7.14763752178e-08 0.999994789716 1.6053889465e-05
0.999996287033 1.34055515215e-09 -0.0027250542777 0.00216138699134 -1.18884606071e-09 1 5.56735720196e-08 1.28742558613e-08 0.0027250542777 -5.56701256354e-08 0.999996287033 1.31259565615e-05
0.999997469777 8.10466805646e-10 -0.00224954188815 0.00159622265447 -7.19445668471e-10 1 4.04628862489e-08 1.30000341495e-08 0.00224954188815 -4.04611654456e-08 0.999997469777 1.08571240823e-05
0.99999834301 4.07487098422e-10 -0.00182043341063 0.00117350004463 -3.58824011601e-10 1 2.67319205995e-08 1.23380593453e-08 0.00182043341063 -2.67312230898e-08 0.99999834301 8.96898085818e-06
0.999998953539 1.08621154837e-10 -0.00144669275229 0.000861053272035 -8.69267527843e-11 1 1.49959229312e-08 1.11004317748e-08 0.00144669275229 -1.49957814822e-08 0.999998953539 7.33211367766e-06
0.999999361174 -1.05061488952e-10 -0.00113033250468 0.000632757383795 1.11245059541e-10 1 5.47051376234e-09 9.49500563445e-09 0.00113033250468 -5.47063601154e-09 0.999999361174 5.89945110737e-06
0.999999622549 -2.49510313848e-10 -0.0008688508216 0.000467706325429 2.47898950974e-10 1 -1.85469864742e-09 7.70820611641e-09 0.0008688508216 1.85448256015e-09 0.999999622549 4.65861716338e-06
0.9999997841 -3.38635858712e-10 -0.000657114722011 0.000349443588064 3.33940599979e-10 1 -7.14537457964e-09 5.89466275369e-09 0.000657114722011 7.14515359967e-09 0.9999997841 3.60491255471e-06
0.99999988057 -3.84784622746e-10 -0.000488733695435 0.000265241206783 3.79574431497e-10 1 -1.0660686239e-08 4.17271285164e-09 0.000488733695435 1.0660499455e-08 0.99999988057 2.72978730117e-06
0.999999936275 -3.98825129311e-10 -0.000357000711613 0.000205435069381 3.9428998275e-10 1 -1.27035368257e-08 2.62447972144e-09 0.000357000711613 1.27033952543e-08 0.999999936275 2.01843631152e-06
0.999999967363 -3.90057194625e-10 -0.000255488952584 0.000162826956976 3.86586792165e-10 1 -1.35834251995e-08 1.29914702174e-09 0.000255488952584 1.35833259876e-08 0.999999967363 1.45148701918e-06
0.999999984089 -3.66127668394e-10 -0.000178389904825 0.000132161146739 3.63703161304e-10 1 -1.35910878978e-08 2.18150934748e-10 0.000178389904825 1.35910228006e-08 0.999999984089 1.00770362683e-06
0.99999999272 -3.33048239035e-10 -0.00012066805889 0.000109678881086 3.31481586858e-10 1 -1.29831755448e-08 -6.18779255007e-10 0.00012066805889 1.29831354511e-08 0.99999999272 6.66257683843e-07
0.999999996951 -2.95329914848e-10 -7.80937534189e-05 9.27493930816e-05 2.94394754293e-10 1 -1.19748560126e-08 -1.22754600158e-09 7.8093753419e-05 1.19748329857e-08 0.999999996951 4.08142444091e-07
0.999999998886 -2.56200761558e-10 -4.72015409308e-05 7.95724171637e-05 2.55693900942e-10 1 -1.07382278421e-08 -1.6341304615e-09 4.72015409308e-05 1.0738215761e-08 0.999999998886 2.16813689357e-07
0.999999999682 -2.17858469412e-10 -2.52085313032e-05 6.89445571001e-05 2.17621392334e-10 1 -9.40463940138e-09 -1.86988892597e-09 2.52085313032e-05 9.40463391248e-09 0.999999999682 7.8304313696e-08
0.999999999951 -1.81715935002e-10 -9.91631164362e-06 6.00805233787e-05 1.81635916972e-10 1 -8.06933484901e-09 -1.96784002888e-09 9.91631164362e-06 8.06933304746e-09 0.999999999951 -1.89486358256e-08
1 -1.48613662164e-10 3.88505358608e-07 5.24798994528e-05 1.48616302916e-10 1 -6.79720925659e-09 -1.95994632755e-09 -3.88505358607e-07 6.79720931433e-09 1 -8.43953772486e-08
0.999999999975 -1.18988456698e-10 7.02639797254e-06 4.58304888752e-05 1.19028006895e-10 1 -5.62880077387e-09 -1.87530222437e-09 -7.02639797254e-06 5.62880161007e-09 0.999999999975 -1.25686131229e-07
0.999999999939 -9.29992291844e-11 1.10054531446e-05 3.99401704925e-05 9.30496996241e-11 1 -4.5859478401e-09 -1.7390881038e-09 -1.10054531446e-05 4.58594886387e-09 0.999999999939 -1.48960432778e-07
0.999999999914 -7.0616838209e-11 1.30889345092e-05 3.46903197091e-05 7.066496336e-11 1 -3.67678094188e-09 -1.57212950236e-09 -1.30889345092e-05 3.67678186649e-09 0.999999999914 -1.59098933438e-07
0.999999999904 -5.16868163442e-11 1.38503056252e-05 3.00050650416e-05 5.17269808434e-11 1 -2.89989949587e-09 -1.39090134743e-09 -1.38503056252e-05 2.89990021203e-09 0.999999999904 -1.59938039216e-07
0.999999999906 -3.59731384919e-11 1.37170446081e-05 2.58318184641e-05 3.60039704387e-11 1 -2.24771037448e-09 -1.20783284265e-09 -1.37170446081e-05 2.24771086814e-09 0.999999999906 -1.5445254155e-07
0.999999999915 -2.31893651622e-11 1.30049661494e-05 2.21295701036e-05 2.3211590448e-11 1 -1.70898436888e-09 -1.03179187741e-09 -1.30049661494e-05 1.7089846706e-09 0.999999999915 -1.44911663907e-07
0.999999999929 -1.30215021116e-11 1.1944805504e-05 1.88623348335e-05 1.30366807438e-11 1 -1.27073071691e-09 -8.68653909996e-10 -1.1944805504e-05 1.27073087254e-09 0.999999999929 -1.33012714066e-07
0.999999999943 -5.14526849408e-12 1.07026685039e-05 1.5995869692e-05 5.15510967918e-12 1 -9.19507579377e-10 -7.21885661968e-10 -1.07026685039e-05 9.19507634498e-10 0.999999999943 -1.19995256451e-07
0.999999999956 7.60683593049e-13 9.395715392e-06 1.34963543069e-05 -7.54648850753e-13 1 -6.42286625159e-10 -5.93096536043e-10 -9.395715392e-06 6.4228661804e-10 0.999999999956 -1.06737880288e-07
0.999999999967 5.00474525632e-12 8.10418944611e-06 1.13301595762e-05 -5.00128493284e-12 1 -4.26979610089e-10 -4.82529353483e-10 -8.10418944611e-06 4.26979569544e-10 0.999999999967 -9.38392424751e-08
0.999999999976 7.87502195927e-12 6.88066112922e-06 9.46414543454e-06 -7.87321427763e-12 1 -2.62719206767e-10 -3.89476498624e-10 -6.88066112922e-06 2.62719152587e-10 0.999999999976 -8.1684954267e-08
0.999999999983 9.63434257673e-12 5.75715268246e-06 7.86615012775e-06 -9.63353675404e-12 1 -1.39968991532e-10 -3.12618068046e-10 -5.75715268246e-06 1.39968936068e-10 0.999999999983 -7.05018958799e-08
0.999999999989 1.05172865637e-11 4.75064212634e-06 6.50548289017e-06 -1.05170465579e-11 1 -5.05207421594e-11 -2.50285662619e-10 -4.75064212634e-06 5.05206921961e-11 0.999999999989 -6.04015726626e-08
0.999999999993 1.07289077683e-11 3.8673177982e-06 5.35332820152e-06 -1.07289564101e-11 1 1.25776457021e-11 -2.00659680469e-10 -3.8673177982e-06 -1.25776871943e-11 0.999999999993 -5.14141138469e-08
0.999999999995 1.0444829178e-11 3.10585949919e-06 4.38302835556e-06 -1.04450004124e-11 1 5.51326743763e-11 -1.61910037141e-10 -3.10585949919e-06 -5.51327068168e-11 0.999999999995 -4.35144448896e-08
0.999999999997 9.8123911435e-12 2.45995348004e-06 3.57024398748e-06 -9.81259269495e-12 1 8.19330228006e-11 -1.3229077268e-10 -2.45995348004e-06 -8.19330469389e-11 0.999999999997 -3.66420436818e-08
0.999999999998 8.95255880896e-12 1.92019945145e-06 2.89300849272e-06 -8.95274483947e-12 1 9.6880817403e-11 -1.10198528683e-10 -1.92019945145e-06 -9.68808345938e-11 0.999999999998 -3.07155366394e-08
0.999999999999 7.96232913972e-12 1.47553301853e-06 2.33169838272e-06 -7.96248129373e-12 1 1.0311799056e-10 -9.42038088268e-11 -1.47553301853e-06 -1.03118002308e-10 0.999999999999 -2.56432206034e-08
0.999999999999 6.91741890884e-12 1.11426200365e-06 1.86894198362e-06 -6.91753383723e-12 1 1.03143051803e-10 -8.30625856353e-11 -1.11426200365e-06 -1.03143059511e-10 0.999999999999 -2.13304255014e-08
1 5.87505750597e-12 8.24796763576e-07 1.48948637156e-06 -5.87513909163e-12 1 9.89160749586e-11 -7.57144013723e-11 -8.24796763576e-07 -9.89160798043e-11 1 -1.76844712506e-08
1 4.87674896131e-12 5.96140535131e-07 1.18003882109e-06 -4.87680377719e-12 1 9.19512679107e-11 -7.12717712334e-11 -5.96140535131e-07 -9.19512708179e-11 1 -1.46178273092e-08
1 3.95090404966e-12 4.18194554908e-07 9.29095323157e-07 -3.950938926e-12 1 8.3397416779e-11 -6.90045110884e-11 -4.18194554908e-07 -8.33974184312e-11 1 -1.20499570053e-08
1 3.11527460126e-12 2.81923262885e-07 7.26765405237e-07 -3.11529549375e-12 1 7.41069960582e-11 -6.83216146129e-11 -2.81923262885e-07 -7.41069969364e-11 1 -9.90822231597e-09
1 2.37914803205e-12 1.79416786845e-07 5.64599750344e-07 -2.37915963942e-12 1 6.46949670373e-11 -6.87525006951e-11 -1.79416786845e-07 -6.46949674641e-11 1 -8.12813687665e-09
1 1.74528078971e-12 1.03880831741e-07 4.35424981527e-07 -1.74528656428e-12 1 5.55883573893e-11 -6.99288280901e-11 -1.03880831741e-07 -5.55883575706e-11 1 -6.65318403668e-09
1 1.21156537069e-12 4.95779283255e-08 3.33188385318e-07 -1.21156770421e-12 1 4.706769712e-11 -7.15676072382e-11 -4.95779283255e-08 -4.70676971801e-11 1 -5.43436044944e-09
1 7.72437462213e-13 1.17386611242e-08 2.52814191393e-07 -7.72437923558e-13 1 3.93013248038e-11 -7.34560020447e-11 -1.17386611242e-08 -3.93013248129e-11 1 -4.42956145725e-09
1 4.2003817883e-13 -1.35430447914e-08 1.9007220465e-07 -4.20037740394e-13 1 3.23734991035e-11 -7.54379805118e-11 1.35430447914e-08 -3.23734990978e-11 1 -3.60289076403e-09
1 1.45151887744e-13 -2.94202874786e-08 1.41459011497e-07 -1.4515111378e-13 1 2.63071675623e-11 -7.74028181953e-11 2.94202874786e-08 -2.6307167558e-11 1 -2.92395103769e-09
1 -6.20565820986e-14 -3.84020006689e-08 1.04091584347e-07 6.20573916959e-14 1 2.10821637593e-11 -7.92753619069e-11 3.84020006689e-08 -2.10821637617e-11 1 -2.36715292675e-09
1 -2.11480129895e-13 -4.24554682234e-08 7.56128351543e-08 2.11480836759e-13 1 1.66495272234e-11 -8.10079061863e-11 4.24554682234e-08 -1.66495272324e-11 1 -1.91106585218e-09
1 -3.12657686025e-13 -4.30996886757e-08 5.41084838144e-08 3.12658243846e-13 1 1.29425681998e-11 -8.25735088341e-11 4.30996886757e-08 -1.29425682132e-11 1 -1.53782379607e-09
1 -3.74488244768e-13 -4.14881540486e-08 3.80344855033e-08 3.74488654888e-13 1 9.88523099501e-12 -8.39605644905e-11 4.14881540486e-08 -9.88523101054e-12 1 -1.23259220925e-09
1 -4.05047910109e-13 -3.84806247351e-08 2.61541862224e-08 4.05048194798e-13 1 7.39824475208e-12 -8.51684598152e-11 3.84806247351e-08 -7.39824476767e-12 1 -9.83097153161e-10
1 -4.11489305858e-13 -3.47041782943e-08 1.74843368807e-08 4.11489493382e-13 1 5.40348892175e-12 -8.62041453547e-11 3.47041782943e-08 -5.40348893603e-12 1 -7.79214860601e-10
1 -4.00005043401e-13 -3.06042544331e-08 1.12490856432e-08 4.00005160522e-13 1 3.82694252833e-12 -8.70794743238e-11 3.06042544331e-08 -3.82694254057e-12 1 -6.1261770057e-10
1 -3.75839347247e-13 -2.64866723096e-08 6.84108029663e-09 3.75839416127e-13 1 2.60053187273e-12 -8.78091751292e-11 2.64866723096e-08 -2.60053188268e-12 1 -4.76471587059e-10
1 -3.43334352309e-13 -2.25517110711e-08 3.78884240808e-09 3.43334389816e-13 1 1.66314099124e-12 -8.84093411567e-11 2.25517110711e-08 -1.66314099898e-12 1 -3.65179344931e-10
1 -3.05999852854e-13 -1.89213621684e-08 1.72961902136e-09 3.05999871037e-13 1 9.61003378375e-13 -8.8896337333e-11 1.89213621684e-08 -9.61003384165e-13 1 -2.74164579153e-10
1 -2.66597380927e-13 -1.56608155031e-08 3.86971842644e-10 2.66597387937e-13 1 4.4765247733e-13 -8.92860378164e-11 1.56608155031e-08 -4.47652481505e-13 1 -1.99690677898e-10
1 -2.27231418991e-13 -1.27951560479e-08 -4.47575044476e-10 2.2723142006e-13 1 8.35723856261e-14 -8.9593322659e-11 1.27951560479e-08 -8.35723885335e-14 1 -1.38710024894e-10
1 -1.8944217399e-13 -1.03221417641e-08 -9.29442958244e-10 1.89442172294e-13 1 -1.64340900189e-13 -8.98317733368e-11 1.03221417641e-08 1.64340898233e-13 1 -8.87389985014e-11
1 -1.5429582269e-13 -8.22182047101e-09 -1.1730097465e-09 1.54295820031e-13 1 -3.23423737872e-13 -9.00135176834e-11 8.22182047101e-09 3.23423736604e-13 1 -4.77547195251e-11
1 -1.22469311895e-13 -6.46363160264e-09 -1.2612068948e-09 1.22469309207e-13 1 -4.15932522406e-13 -9.01491840334e-11 6.46363160264e-09 4.15932521615e-13 1 -1.41100819393e-11
1 -9.43278228047e-14 -5.0115339935e-09 -1.25312269113e-09 9.43278205007e-14 1 -4.59730549431e-13 -9.02479323806e-11 5.0115339935e-09 4.59730548959e-13 1 1.35359576872e-11
1 -6.99937925995e-14 -3.82760607938e-09 -1.18997290427e-09 6.99937908045e-14 1 -4.68944005369e-13 -9.03175371691e-11 3.82760607938e-09 4.68944005101e-13 1 3.62754020242e-11
1 -4.94070397716e-14 -2.8744815502e-09 -1.09974660549e-09 4.94070384649e-14 1 -4.54568079693e-13 -9.0364502079e-11 2.8744815502e-09 4.54568079551e-13 1 5.49977811928e-11
1 -3.23759820006e-14 -2.11691179354e-09 -1.00078621603e-09 3.23759811009e-14 1 -4.25012575818e-13 -9.03941919368e-11 2.11691179354e-09 4.2501257575e-13 1 7.04280764521e-11
1 -1.86203370407e-14 -1.52268591221e-09 -9.04517781015e-10 1.86203364521e-14 1 -3.86582565643e-13 -9.04109708031e-11 1.52268591221e-09 3.86582565615e-13 1 8.31575751645e-11
1 -7.80587895118e-15 -1.06308876184e-09 -8.17509797254e-10 7.80587858559e-15 1 -3.43894007699e-13 -9.04183384427e-11 1.06308876184e-09 3.43894007691e-13 1 9.36689299563e-11
1 4.2797698959e-16 -7.13036196005e-10 -7.43006419846e-10 -4.27977203663e-16 1 -3.00227202929e-13 -9.04190598994e-11 7.13036196005e-10 3.0022720293e-13 1 1.02356497865e-10
1 6.44693688616e-15 -4.50993323636e-10 -6.82053181322e-10 -6.44693700243e-15 1 -2.57822817671e-13 -9.04152848461e-11 4.50993323636e-10 2.57822817674e-13 1 1.0954284046e-10
1 1.06060654705e-14 -2.58754903512e-10 -6.34310037844e-10 -1.06060655269e-14 1 -2.1812623214e-13 -9.04086548705e-11 2.58754903512e-10 2.18126232143e-13 1 1.15492104913e-10
1 1.32386673799e-14 -1.21145933055e-10 -5.98627135633e-10 -1.32386674019e-14 1 -1.8198639806e-13 -9.04003979548e-11 1.21145933055e-10 1.81986398061e-13 1 1.20420852595e-10
1 1.46489938545e-14 -2.56840564453e-11 -5.73442683858e-10 -1.46489938584e-14 1 -1.49815390408e-13 -9.03914101958e-11 2.56840564453e-11 1.49815390409e-13 1 1.24506864942e-10
1 1.51080426565e-14 3.77672341965e-11 -5.57049259666e-10 -1.51080426519e-14 1 -1.21714556311e-13 -9.03823253473e-11 -3.77672341965e-11 1.21714556311e-13 1 1.27896261105e-10
1 1.4851793746e-14 7.73352335291e-11 -5.47764318069e-10 -1.48517937385e-14 1 -9.75727064147e-14 -9.03735731094e-11 -7.73352335291e-11 9.75727064135e-14 1 1.30709296651e-10
