1 0 0 -1.27221029604e-09 0 1 0 -1.80642970525e-10 0 0 1 2.89089183159e-10
1 0 0 -9.69514163396e-10 0 1 0 0.200272378366 0 0 1 -2.63106099407e-09
1 0 0 -9.4341813528e-10 0 1 0 0.401781161526 0 0 1 -1.28177034264e-08
1 0 0 -1.16176401832e-09 0 1 0 0.605023696223 0 0 1 -2.85252774179e-08
1 0 0 -9.06801134182e-10 0 1 0 0.810173395453 0 0 1 -5.18980853847e-08
1 0 0 -9.87844972489e-10 0 1 0 1.01729072368 0 0 1 -8.12089854252e-08
1 0 0 -1.26834936998e-09 0 1 0 1.22639676456 0 0 1 -1.17257361931e-07
1 0 0 -9.6428720564e-10 0 1 0 1.43749887158 0 0 1 -1.62626069611e-07
1 0 0 -9.13389419654e-10 0 1 0 1.65059960722 0 0 1 -2.14449747737e-07
1 0 0 -1.0881378576e-09 0 1 0 1.86569986238 0 0 1 -2.7398779634e-07
1 0 0 -1.09389464154e-09 0 1 0 2.08279995193 0 0 1 -3.40763514961e-07
1 0 0 -1.19124421438e-09 0 1 0 2.30189998293 0 0 1 -4.16526702907e-07
1 0 0 -1.00138652925e-09 0 1 0 2.52299999336 0 0 1 -5.01393059293e-07
1 0 0 -1.01893671278e-09 0 1 0 2.74609999805 0 0 1 -5.92761819851e-07
1 0 0 -9.94347715277e-10 0 1 0 2.97119999883 0 0 1 -6.94405523749e-07
1 0 0 -8.65232663294e-10 0 1 0 3.19829999978 0 0 1 -8.04984748637e-07
1 0 0 -1.09725284414e-09 0 1 0 3.4273999997 0 0 1 -9.24309028205e-07
1 0 0 -1.16236031911e-09 0 1 0 3.65849999995 0 0 1 -1.05369703585e-06
1 0 0 -1.1229417396e-09 0 1 0 3.89160000078 0 0 1 -1.1917738012e-06
1 0 0 -9.16610343182e-10 0 1 0 4.12670000116 0 0 1 -1.34040782074e-06
1 0 0 -1.07141429062e-09 0 1 0 4.36380000089 0 0 1 -1.49754013168e-06
1 0 0 -9.3453178529e-10 0 1 0 4.6028999997 0 0 1 -1.66797963574e-06
1 0 0 -1.09639786139e-09 0 1 0 4.84400000039 0 0 1 -1.84656506086e-06
1 0 0 -1.02896424714e-09 0 1 0 5.08710000039 0 0 1 -2.03708270918e-06
1 0 0 -1.1978924519e-09 0 1 0 5.33220000124 0 0 1 -2.23761477436e-06
1 0 0 -1.26229449116e-09 0 1 0 5.57929999951 0 0 1 -2.44880970079e-06
1 0 0 -9.10236774843e-10 0 1 0 5.82840000032 0 0 1 -2.67359413098e-06
1 0 0 -1.2602019428e-09 0 1 0 6.07950000038 0 0 1 -2.90844927386e-06
1 0 0 -9.15206355145e-10 0 1 0 6.33259999977 0 0 1 -3.15616739544e-06
1 0 0 -1.20984688934e-09 0 1 0 6.58769999975 0 0 1 -3.4143441483e-06
1 0 0 -1.15041420834e-09 0 1 0 6.84480000014 0 0 1 -3.68621601199e-06
1 0 0 -1.2025698215e-09 0 1 0 7.10390000051 0 0 1 -3.97109899497e-06
1 0 0 -9.63038981894e-10 0 1 0 7.36500000074 0 0 1 -4.26879564497e-06
1 0 0 -8.35096436447e-10 0 1 0 7.62810000056 0 0 1 -4.57975017687e-06
1 0 0 -1.28440302838e-09 0 1 0 7.89319999993 0 0 1 -4.90303183565e-06
1 0 0 -9.13975339856e-10 0 1 0 8.16030000014 0 0 1 -5.24069259766e-06
1 0 0 -9.96023707955e-10 0 1 0 8.42940000101 0 0 1 -5.59244337417e-06
1 0 0 -1.25204668855e-09 0 1 0 8.70049999973 0 0 1 -5.95731087749e-06
1 0 0 -1.09160991357e-09 0 1 0 8.9736000002 0 0 1 -6.33626140978e-06
1 0 0 -1.25887567037e-09 0 1 0 9.24870000046 0 0 1 -6.732298659e-06
1 0 0 -1.19684129274e-09 0 1 0 9.52579999962 0 0 1 -7.14051489403e-06
1 0 0 -9.34461397151e-10 0 1 0 9.80490000074 0 0 1 -7.56664299484e-06
1 0 0 -1.24933130508e-09 0 1 0 10.0860000006 0 0 1 -8.00559174596e-06
1 0 0 -1.14774101334e-09 0 1 0 10.3690999995 0 0 1 -8.46035086877e-06
1 0 0 -8.45804759564e-10 0 1 0 10.6542000003 0 0 1 -8.93302185467e-06
1 0 0 -9.96344340365e-10 0 1 0 10.9413000002 0 0 1 -9.42076990729e-06
1 0 0 -1.07131192806e-09 0 1 0 11.2304000001 0 0 1 -9.9251604615e-06
1 0 0 -1.00832053818e-09 0 1 0 11.5215000007 0 0 1 -1.04470749616e-05
1 0 0 -9.32143695564e-10 0 1 0 11.8146000003 0 0 1 -1.09849972834e-05
1 0 0 -1.1836687186e-09 0 1 0 12.1096999998 0 0 1 -1.15400063221e-05
1 0 0 -1.23484866776e-09 0 1 0 12.4068000004 0 0 1 -1.21134207518e-05
1 0 0 -1.21045573565e-09 0 1 0 12.7058999998 0 0 1 -1.27042179709e-05
1 0 0 -9.85717729662e-10 0 1 0 13.0070000001 0 0 1 -1.33136673437e-05
1 0 0 -9.63908064477e-10 0 1 0 13.3101000004 0 0 1 -1.39424598462e-05
1 0 0 -8.66525962095e-10 0 1 0 13.6152000004 0 0 1 -1.45881416147e-05
1 0 0 -9.7207308869e-10 0 1 0 13.9223000005 0 0 1 -1.5253166513e-05
1 0 0 -1.28054855608e-09 0 1 0 14.2313999999 0 0 1 -1.59380280671e-05
1 0 0 -8.60630233745e-10 0 1 0 14.5425000006 0 0 1 -1.66433539741e-05
1 0 0 -1.17168896807e-09 0 1 0 14.8556000001 0 0 1 -1.73667043386e-05
1 0 0 -1.09524167513e-09 0 1 0 15.1707000008 0 0 1 -1.81120914755e-05
1 0 0 -1.22172272299e-09 0 1 0 15.4878000004 0 0 1 -1.88775620327e-05
1 0 0 -1.14785825289e-09 0 1 0 15.8068999999 0 0 1 -1.96621782678e-05
1 0 0 -1.0273750739e-09 0 1 0 16.128000001 0 0 1 -2.0470156934e-05
1 0 0 -1.10982112389e-09 0 1 0 16.4511000002 0 0 1 -2.12987125465e-05
1 0 0 -1.27042198983e-09 0 1 0 16.7762000006 0 0 1 -2.21483741765e-05
1 0 0 -1.0435168285e-09 0 1 0 17.103300001 0 0 1 -2.30208128693e-05
1 0 0 -8.94766927217e-10 0 1 0 17.4324000003 0 0 1 -2.3915838157e-05
1 0 0 -8.24171841884e-10 0 1 0 17.7635000004 0 0 1 -2.48322162264e-05
1 0 0 -1.17262022314e-09 0 1 0 18.0966000003 0 0 1 -2.57720130232e-05
1 0 0 -1.07117514858e-09 0 1 0 18.4317000005 0 0 1 -2.67357150889e-05
1 0 0 -9.85498793682e-10 0 1 0 18.7688000001 0 0 1 -2.77228851946e-05
1 0 0 -1.25647847682e-09 0 1 0 19.1079000012 0 0 1 -2.87336151832e-05
1 0 0 -1.13995213269e-09 0 1 0 19.4490000005 0 0 1 -2.97683560504e-05
1 0 0 -9.14420539289e-10 0 1 0 19.7921000006 0 0 1 -3.08280810799e-05
1 0 0 -1.04554498392e-09 0 1 0 20.1372000004 0 0 1 -3.19125998089e-05
1 0 0 -1.13005071967e-09 0 1 0 20.4843000005 0 0 1 -3.3021221256e-05
1 0 0 -9.80778125381e-10 0 1 0 20.8334000002 0 0 1 -3.41580703367e-05
1 0 0 -1.25054810951e-09 0 1 0 21.1845000006 0 0 1 -3.53178446151e-05
1 0 0 -8.83265016682e-10 0 1 0 21.5376000017 0 0 1 -3.65049087865e-05
1 0 0 -1.27591270882e-09 0 1 0 21.8927000002 0 0 1 -3.7718444684e-05
1 0 0 -9.69119895444e-10 0 1 0 22.2498000011 0 0 1 -3.89594116257e-05
1 0 0 -9.56596579726e-10 0 1 0 22.6089000006 0 0 1 -4.02270407598e-05
1 0 0 -1.11356879273e-09 0 1 0 22.9700000006 0 0 1 -4.15226014514e-05
1 0 0 -1.03676267571e-09 0 1 0 23.3331000006 0 0 1 -4.28461430086e-05
1 0 0 -1.19183951597e-09 0 1 0 23.6982000002 0 0 1 -4.419698144e-05
1 0 0 -1.05074970946e-09 0 1 0 24.0653 0 0 1 -4.55769289456e-05
1 0 0 -1.01676977948e-09 0 1 0 24.4344000001 0 0 1 -4.69861829764e-05
1 0 0 -1.15228537823e-09 0 1 0 24.8054999998 0 0 1 -4.84238620881e-05
1 0 0 -9.29248678005e-10 0 1 0 25.1786000007 0 0 1 -4.98912849558e-05
1 0 0 -1.21659482488e-09 0 1 0 25.5537000004 0 0 1 -5.13891988483e-05
1 0 0 -1.14538956097e-09 0 1 0 25.9308000009 0 0 1 -5.29171032628e-05
1 0 0 -1.11890585686e-09 0 1 0 26.3099000005 0 0 1 -5.44761826955e-05
1 0 0 -1.1371446007e-09 0 1 0 26.6910000006 0 0 1 -5.60656968602e-05
1 0 0 -1.20010579252e-09 0 1 0 27.0740999996 0 0 1 -5.76866328093e-05
1 0 0 -1.18301546337e-09 0 1 0 27.4592000009 0 0 1 -5.93392728518e-05
1 0 0 -1.21064758218e-09 0 1 0 27.8463000006 0 0 1 -6.10235814431e-05
1 0 0 -1.15822729185e-09 0 1 0 28.2354000004 0 0 1 -6.27410747018e-05
1 0 0 -1.02575636873e-09 0 1 0 28.6265000008 0 0 1 -6.44912591081e-05
1 0 0 -1.21650867158e-09 0 1 0 29.0196000006 0 0 1 -6.62753191634e-05
1 0 0 -9.2393470652e-10 0 1 0 29.414700001 0 0 1 -6.80918729135e-05
1 0 0 -9.54583967427e-10 0 1 0 29.8118000006 0 0 1 -6.99423023107e-05
1 0 0 -1.10807807374e-09 0 1 0 30.2103552429 0 0 1 -7.18255234506e-05
1 0 0 -8.44434744351e-10 0 1 0 30.6084376765 0 0 1 -7.37309783521e-05
1 0 0 -1.00556540872e-09 0 1 0 31.0050526095 0 0 1 -7.56538590014e-05
1 0 0 -9.48213063623e-10 0 1 0 31.399853212 0 0 1 -7.75922386147e-05
1 0 0 -9.16390519023e-10 0 1 0 31.7927185544 0 0 1 -7.95460952148e-05
1 0 0 -1.12080389414e-09 0 1 0 32.1836064696 0 0 1 -8.15149582358e-05
1 0 0 -1.14208820179e-09 0 1 0 32.5725022563 0 0 1 -8.34964334899e-05
1 0 0 -8.26539725551e-10 0 1 0 32.9594007877 0 0 1 -8.54919433095e-05
1 0 0 -1.28529098475e-09 0 1 0 33.3443002748 0 0 1 -8.74992926967e-05
1 0 0 -8.54537773876e-10 0 1 0 33.7272000957 0 0 1 -8.95216567542e-05
1 0 0 -1.21664278652e-09 0 1 0 34.1081000333 0 0 1 -9.15551126184e-05
1 0 0 -9.88062076601e-10 0 1 0 34.4870000121 0 0 1 -9.3600204524e-05
1 0 0 -9.79821557223e-10 0 1 0 34.8639000052 0 0 1 -9.56578118441e-05
1 0 0 -1.22535759317e-09 0 1 0 35.2388000019 0 0 1 -9.77257619841e-05
1 0 0 -9.18117137871e-10 0 1 0 35.6117000012 0 0 1 -9.98041535745e-05
1 0 0 -8.64650573362e-10 0 1 0 35.9826000014 0 0 1 -0.00010189461533
1 0 0 -1.25211840896e-09 0 1 0 36.3515000008 0 0 1 -0.000103994502918
1 0 0 -1.2115854986e-09 0 1 0 36.7184000005 0 0 1 -0.000106103809348
1 0 0 -1.08393827247e-09 0 1 0 37.0833000008 0 0 1 -0.000108223860288
1 0 0 -9.93953364059e-10 0 1 0 37.446200001 0 0 1 -0.000110352646079
1 0 0 -9.41625444284e-10 0 1 0 37.8071000014 0 0 1 -0.000112489919964
1 0 0 -9.89347270774e-10 0 1 0 38.1660000004 0 0 1 -0.000114635540786
1 0 0 -1.07472786226e-09 0 1 0 38.5229000001 0 0 1 -0.000116789402941
1 0 0 -1.19776721874e-09 0 1 0 38.8778000008 0 0 1 -0.000118951259658
1 0 0 -1.01758068638e-09 0 1 0 39.2307000007 0 0 1 -0.000121120772334
1 0 0 -9.3744034757e-10 0 1 0 39.5816000007 0 0 1 -0.000123297644897
1 0 0 -1.08212105943e-09 0 1 0 39.9305000006 0 0 1 -0.00012547962093
1 0 0 -1.26446053628e-09 0 1 0 40.2774000003 0 0 1 -0.000127670331818
1 0 0 -1.26834720504e-09 0 1 0 40.6223000005 0 0 1 -0.0001298654552
1 0 0 -9.69006208607e-10 0 1 0 40.9652000011 0 0 1 -0.000132067494256
1 0 0 -8.32097057923e-10 0 1 0 41.3061000012 0 0 1 -0.000134276011753
1 0 0 -1.04478381502e-09 0 1 0 41.6450000012 0 0 1 -0.000136487129542
1 0 0 -1.01662855911e-09 0 1 0 41.9819000015 0 0 1 -0.000138704034796
1 0 0 -1.27568178243e-09 0 1 0 42.3168000002 0 0 1 -0.000140925655604
1 0 0 -8.28231705441e-10 0 1 0 42.6497000008 0 0 1 -0.000143153007578
1 0 0 -1.19603704718e-09 0 1 0 42.9806000005 0 0 1 -0.000145382522618
1 0 0 -1.04450137428e-09 0 1 0 43.3095000003 0 0 1 -0.000147615124494
1 0 0 -1.11778497569e-09 0 1 0 43.6364000007 0 0 1 -0.000149852336314
1 0 0 -1.07500142121e-09 0 1 0 43.9613000011 0 0 1 -0.000152093079187
1 0 0 -1.04092556796e-09 0 1 0 44.2842000007 0 0 1 -0.00015433534346
1 0 0 -9.53168211026e-10 0 1 0 44.6051000008 0 0 1 -0.00015657951705
1 0 0 -1.21500498551e-09 0 1 0 44.9240000008 0 0 1 -0.000158826290935
1 0 0 -1.01988639756e-09 0 1 0 45.2409000005 0 0 1 -0.00016107527021
1 0 0 -1.23674759323e-09 0 1 0 45.5558000006 0 0 1 -0.000163325228051
1 0 0 -9.96655202812e-10 0 1 0 45.8687000008 0 0 1 -0.000165577144518
1 0 0 -1.23093002458e-09 0 1 0 46.1796000014 0 0 1 -0.000167828911341
1 0 0 -1.07063691246e-09 0 1 0 46.4885000011 0 0 1 -0.000170082002118
1 0 0 -9.81435377412e-10 0 1 0 46.7954000002 0 0 1 -0.000172335239313
1 0 0 -9.00941543591e-10 0 1 0 47.1003000013 0 0 1 -0.000174588270575
1 0 0 -9.53926715397e-10 0 1 0 47.403200001 0 0 1 -0.000176840813584
1 0 0 -1.07800524063e-09 0 1 0 47.7041000012 0 0 1 -0.000179092762735
1 0 0 -1.27317711929e-09 0 1 0 48.0030000013 0 0 1 -0.000181344611551
1 0 0 -1.26094157338e-09 0 1 0 48.2999000008 0 0 1 -0.000183593906172
1 0 0 -8.5413631723e-10 0 1 0 48.5948000018 0 0 1 -0.000185843044161
1 0 0 -1.17124621113e-09 0 1 0 48.8877000005 0 0 1 -0.00018808875349
1 0 0 -1.03140251895e-09 0 1 0 49.1786000001 0 0 1 -0.000190335927932
1 0 0 -1.2121983417e-09 0 1 0 49.4675000005 0 0 1 -0.000192577502151
1 0 0 -1.12319753498e-09 0 1 0 49.7544000004 0 0 1 -0.000194817650385
1 0 0 -1.1676792866e-09 0 1 0 50.0393000009 0 0 1 -0.000197056076551
1 0 0 -1.12952491804e-09 0 1 0 50.3222 0 0 1 -0.00019928993887
1 0 0 -1.22485133147e-09 0 1 0 50.6031000008 0 0 1 -0.000201521338834
1 0 0 -1.17515597253e-09 0 1 0 50.8820000017 0 0 1 -0.000203748562864
1 0 0 -9.80438841225e-10 0 1 0 51.1589000006 0 0 1 -0.000205972844778
1 0 0 -1.10636300121e-09 0 1 0 51.4338000003 0 0 1 -0.000208191526482
1 0 0 -1.02487973663e-09 0 1 0 51.706700001 0 0 1 -0.000210406666934
1 0 0 -1.26403598699e-09 0 1 0 51.977600001 0 0 1 -0.000212617194229
1 0 0 -9.54896606231e-10 0 1 0 52.2465000008 0 0 1 -0.000214823348138
1 0 0 -1.02878416897e-09 0 1 0 52.5134000002 0 0 1 -0.000217023513922
1 0 0 -9.57649959332e-10 0 1 0 52.7783000007 0 0 1 -0.000219218763487
1 0 0 -1.26954269319e-09 0 1 0 53.0412000008 0 0 1 -0.000221408024917
1 0 0 -1.09552722449e-09 0 1 0 53.3021000013 0 0 1 -0.000223591291231
1 0 0 -8.38877411979e-10 0 1 0 53.561000001 0 0 1 -0.000225769746937
1 0 0 -1.02764197152e-09 0 1 0 53.8179000008 0 0 1 -0.000227940592776
1 0 0 -1.258545268e-09 0 1 0 54.0728000002 0 0 1 -0.000230103878067
1 0 0 -8.78765504808e-10 0 1 0 54.325700002 0 0 1 -0.000232262437606
1 0 0 -1.13156062298e-09 0 1 0 54.5766000011 0 0 1 -0.000234411483238
1 0 0 -8.98445762232e-10 0 1 0 54.8255000003 0 0 1 -0.000236554780514
1 0 0 -1.04835962134e-09 0 1 0 55.072400001 0 0 1 -0.000238690855848
1 0 0 -8.99524010833e-10 0 1 0 55.317300001 0 0 1 -0.000240818044976
1 0 0 -1.25848842458e-09 0 1 0 55.5602000001 0 0 1 -0.000242936989558
1 0 0 -1.19393206433e-09 0 1 0 55.8011000008 0 0 1 -0.000245048070525
1 0 0 -1.23390009321e-09 0 1 0 56.040000001 0 0 1 -0.000247150462737
1 0 0 -8.50347348091e-10 0 1 0 56.2769000007 0 0 1 -0.000249246225156
1 0 0 -1.16175513654e-09 0 1 0 56.5118000003 0 0 1 -0.00025132961812
1 0 0 -1.04964037462e-09 0 1 0 56.7447000004 0 0 1 -0.000253405887761
1 0 0 -1.10443920676e-09 0 1 0 56.9756000001 0 0 1 -0.00025547209367
1 0 0 -1.20137677584e-09 0 1 0 57.2045000001 0 0 1 -0.000257530245509
1 0 0 -1.12433973243e-09 0 1 0 57.4314000003 0 0 1 -0.000259576514434
1 0 0 -1.15182707816e-09 0 1 0 57.6563000004 0 0 1 -0.000261613847837
1 0 0 -9.429541592e-10 0 1 0 57.8792000004 0 0 1 -0.000263640673296
1 0 0 -9.00994834296e-10 0 1 0 58.1001 0 0 1 -0.000265657435033
1 0 0 -1.02594732709e-09 0 1 0 58.3190000017 0 0 1 -0.000267662652462
1 0 0 -1.03931263595e-09 0 1 0 58.5359000006 0 0 1 -0.000269656586109
1 0 0 -1.15720233396e-09 0 1 0 58.7508000014 0 0 1 -0.000271640350427
1 0 0 -1.10111741947e-09 0 1 0 58.9637000007 0 0 1 -0.000273613218877
1 0 0 -8.71057892482e-10 0 1 0 59.1746000006 0 0 1 -0.000275573957651
1 0 0 -8.70299388112e-10 0 1 0 59.3835000008 0 0 1 -0.000277523010968
1 0 0 -1.1612257822e-09 0 1 0 59.5904000003 0 0 1 -0.000279459744146
1 0 0 -1.27817756379e-09 0 1 0 59.7953000004 0 0 1 -0.000281384347645
