0,-1.27221029604e-09,-1.80642970525e-10
0.1,0.000142617344126,0.199999912772
0.2,0.000932610925999,0.399998211471
0.3,0.00263037687301,0.599990811412
0.4,0.00532666848909,0.799972420791
0.5,0.00905307299247,0.99993748075
0.6,0.0138205259389,1.19988042539
0.7,0.019632751908,1.39979572733
0.8,0.0264909265349,1.59967788066
0.9,0.0343953340856,1.79952139353
1,0.0433459189903,1.99932078473
1.1,0.0533424933204,2.19907057357
1.2,0.0643848013836,2.39876528261
1.3,0.0764725469063,2.59839943831
1.4,0.0896054062165,2.79796756549
1.5,0.103783013573,2.99746419368
1.6,0.119004985484,3.19688385596
1.7,0.13527089884,3.39622108083
1.8,0.152580313404,3.59547040584
1.9,0.170932754374,3.79462636901
2,0.190327714931,3.99368350905
2.1,0.21076466663,4.19263636913
2.2,0.232243044258,4.39147949528
2.3,0.254762265105,4.59020743574
2.4,0.278321708981,4.78881474291
2.5,0.302920730751,4.98729596925
2.6,0.328558654751,5.18564567657
2.7,0.355234776584,5.38385842587
2.8,0.382948371502,5.58192878309
2.9,0.41169867312,5.77985131847
3,0.441484892806,5.97762060385
3.1,0.472306219497,6.17523121923
3.2,0.504161804001,6.37267774747
3.3,0.537050775123,6.56995477288
3.4,0.570972228786,6.76705689008
3.5,0.605925235656,6.96397869365
3.6,0.641908838816,7.16071478547
3.7,0.678922052588,7.35725977161
3.8,0.716963860768,7.55360826476
3.9,0.756033218323,7.74975487929
4,0.796129057079,7.94569424101
4.1,0.837250277929,8.14142097613
4.2,0.879395750398,8.33692971893
4.3,0.922564320649,8.53221511053
4.4,0.966754808099,8.72727179568
4.5,1.01196599801,8.92209442722
4.6,1.05819665017,9.11667766455
4.7,1.10544549873,9.31101617315
4.8,1.15371124901,9.50510462359
4.9,1.20299257587,9.69893769653
5,1.25328813129,9.89251007875
5.1,1.30459653467,10.0858164607
5.2,1.35691637567,10.2788515443
5.3,1.41024622598,10.4716100378
5.4,1.4645846198,10.6640866559
5.5,1.51993006657,10.8562761222
5.6,1.57628105138,11.0481731669
5.7,1.63363603058,11.2397725302
5.8,1.69199342831,11.4310689591
5.9,1.75135164814,11.6220572079
6,1.81170905842,11.8127320422
6.1,1.87306400892,12.0030882338
6.2,1.93541481246,12.1931205648
6.3,1.99875976239,12.3828238241
6.4,2.06309712488,12.5721928121
6.5,2.12842513378,12.7612223363
6.6,2.19474199522,12.9499072136
6.7,2.26204589459,13.1382422734
6.8,2.33033498737,13.3262223512
6.9,2.39960739751,13.5138422922
7,2.4698612284,13.701096956
7.1,2.54109455494,13.887981205
7.2,2.61330542083,14.0744899193
7.3,2.68649184853,14.2606179829
7.4,2.76065183171,14.4463602947
7.5,2.83578334015,14.6317117615
7.6,2.91188430697,14.816667303
7.7,2.98895265106,15.0012218476
7.8,3.06698626095,15.1853703346
7.9,3.14598299031,15.3691077188
8,3.22594067977,15.5524289591
8.1,3.30685713313,15.7353290328
8.2,3.38873013705,15.9178029239
8.3,3.47155744395,16.0998456306
8.4,3.55533677949,16.2814521619
8.5,3.6400658517,16.4626175376
8.6,3.72574233881,16.6433367945
8.7,3.8123638877,16.8236049737
8.8,3.8999281242,17.0034171371
8.9,3.98843265102,17.1827683517
9,4.07787503895,17.3616537024
9.1,4.16825283547,17.5400682863
9.2,4.25956356506,17.7180072088
9.3,4.35180472009,17.8954655937
9.4,4.44497377871,18.0724385751
9.5,4.53906818297,18.2489213022
9.6,4.63408534928,18.4249089361
9.7,4.73002267818,18.600396652
9.8,4.82687753655,18.7753796389
9.9,4.92464727251,18.949853099
10,5.02332920332,19.1238122515
10.1,5.12292062148,19.297252323
10.2,5.22341880106,19.4701685618
10.3,5.324820983,19.6425562271
10.4,5.42712438582,19.8144105917
10.5,5.5303262125,19.9857269448
10.6,5.63442362797,20.1565005894
10.7,5.739413779,20.3267268433
10.8,5.84529378726,20.4964010415
10.9,5.95206074989,20.6655185314
11,6.05971174187,20.8340746742
11.1,6.16824380814,21.0020648518
11.2,6.27765397796,21.1694844586
11.3,6.38793924607,21.3363289031
11.4,6.4990965941,21.5025936132
11.5,6.61112297269,21.6682740276
11.6,6.72401530989,21.8333656089
11.7,6.83777051356,21.9978638254
11.8,6.95238546039,22.161764171
11.9,7.06785700829,22.3250621517
12,7.18418199967,22.4877532904
12.1,7.30135723478,22.649833127
12.2,7.41937950849,22.8112972182
12.3,7.53824557955,22.9721411369
12.4,7.65795219568,23.1323604732
12.5,7.77849607021,23.2919508351
12.6,7.89987390207,23.4509078483
12.7,8.02208235938,23.6092271542
12.8,8.1451180942,23.7669044116
12.9,8.26897773031,23.9239352973
13,8.39365787719,24.0803155093
13.1,8.51915511463,24.236040758
13.2,8.64546600007,24.3911067752
13.3,8.77258707292,24.5455093076
13.4,8.90051484877,24.699244126
13.5,9.029245818,24.8523070105
13.6,9.15877645346,25.0046937701
13.7,9.2891032001,25.1564002241
13.8,9.42022249011,25.3074222137
13.9,9.55213072696,25.4577555996
14,9.68482429216,25.6073962589
14.1,9.81829955075,25.7563400904
14.2,9.95255284136,25.9045830105
14.3,10.087580485,26.0521209546
14.4,10.2233787781,26.1989498789
14.5,10.3599439989,26.3450657569
14.6,10.4972724058,26.4904645848
14.7,10.6353602278,26.6351423718
14.8,10.7742036828,26.7790951561
14.9,10.9137989663,26.9223189915
15,11.0541422497,27.0648099467
15.1,11.1952296817,27.2065641189
15.2,11.3370573996,27.3475776225
15.3,11.4796215139,27.4878465895
15.4,11.622918113,27.6273671756
15.5,11.766943272,27.7661355547
15.6,11.9116930416,27.9041479247
15.7,12.0571634518,28.0414004988
15.8,12.2033505146,28.1778895164
15.9,12.3502502247,28.313611235
16,12.4978585536,28.4485619335
16.1,12.646171452,28.5827379122
16.2,12.7951848574,28.7161354938
16.3,12.9448946832,28.848751019
16.4,13.0952968245,28.9805808547
16.5,13.2463871575,29.1116213837
16.6,13.3981615406,29.2418690168
16.7,13.550615817,29.3713201803
16.8,13.7037458002,29.499971327
16.9,13.8575472957,29.6278189287
17,14.0120160859,29.7548594824
17.1,14.1671479388,29.8810895034
17.2,14.3229385956,30.0065055316
17.3,14.4793837915,30.1311041289
17.4,14.6364792329,30.2548818797
17.5,14.7942206164,30.377835389
17.6,14.9526036139,30.4999612885
17.7,15.1116238867,30.6212562274
17.8,15.2712770748,30.7417168832
17.9,15.4315587988,30.8613399513
18,15.5924646663,30.9801221534
18.1,15.7539902652,31.098060232
18.2,15.9161311663,31.2151509533
18.3,16.0788829281,31.3313911087
18.4,16.2422410871,31.446777512
18.5,16.4062011622,31.5613069984
18.6,16.5707586589,31.6749764285
18.7,16.7359090698,31.7877826855
18.8,16.9016478626,31.8997226776
18.9,17.0679704964,32.0107933354
19,17.2348724099,32.1209916143
19.1,17.402349029,32.2303144931
19.2,17.5703957599,32.3387589744
19.3,17.7390079987,32.4463220854
19.4,17.9081811183,32.5530008783
19.5,18.0779104859,32.658792426
19.6,18.2481914429,32.7636938289
19.7,18.4190193275,32.8677022128
19.8,18.5903894501,32.9708147261
19.9,18.7622971162,33.0730285389
