0,0,0
0.1,-1.04282549501e-10,8.99905319429e-08
0.2,0.000654504140432,0.255155969585
0.3,0.00253544251477,0.473315071231
0.4,0.00531060694642,0.682324125976
0.5,0.00906958011497,0.887603845129
0.6,0.0138485916643,1.09097947899
0.7,0.019662744648,1.2932406224
0.8,0.0265187597898,1.49478544735
0.9,0.0344196996369,1.69583660581
1,0.0433668753634,1.89652799448
1.1,0.0533607027302,2.09694438299
1.2,0.0644011215409,2.29714135213
1.3,0.0764878174355,2.49715612748
1.4,0.0896203448765,2.69701385157
1.5,0.103798189632,2.89673141853
1.6,0.119020808651,3.09631992762
1.7,0.135287643894,3.29578631351
1.8,0.152598133703,3.49513446899
1.9,0.170951711849,3.69436603454
2,0.190347804981,3.89348096621
2.1,0.210785832207,4.0924779514
2.2,0.232265198887,4.29135471599
2.3,0.254785297292,4.4901082532
2.4,0.278345500326,4.68873499635
2.5,0.302945160477,4.88723094843
2.6,0.328583606975,5.085591783
2.7,0.355260144162,5.28381291896
2.8,0.382974052686,5.48188957934
2.9,0.41172458369,5.67981683683
3,0.441510960511,5.87758964825
3.1,0.472332379775,6.07520288295
3.2,0.504188007415,6.27265134388
3.3,0.537076980759,6.4699297835
3.4,0.57099840667,6.66703291831
3.5,0.605951362709,6.86395543775
3.6,0.641934897253,7.06069201272
3.7,0.67894802933,7.25723730142
3.8,0.716989747973,7.45358595444
3.9,0.756059012414,7.64973261742
4,0.796154753883,7.84567193521
4.1,0.837275874741,8.04139855261
4.2,0.879421247632,8.23690711654
4.3,0.922589717356,8.43219227739
4.4,0.966780101292,8.62724868922
4.5,1.01199118736,8.82207101104
4.6,1.05822173525,9.01665390731
4.7,1.10547047724,9.21099204816
4.8,1.1537361179,9.40508010933
4.9,1.20301733324,9.59891277337
5,1.2533127725,9.79248472951
5.1,1.30462105651,9.98579067302
5.2,1.35694077726,10.1788253067
5.3,1.4102705012,10.3715833404
5.4,1.46460876581,10.5640594912
5.5,1.51995408077,10.7562484838
5.6,1.57630492913,10.9481450503
5.7,1.63365976665,11.1397439309
5.8,1.69201702041,11.3310398739
5.9,1.75137509125,11.5220276352
6,1.81173235106,11.7127019797
6.1,1.87308714597,11.9030576804
6.2,1.93543779301,12.0930895193
6.3,1.99878258301,12.2827922869
6.4,2.06311978036,12.4721607825
6.5,2.12844762129,12.6611898148
6.6,2.19476431405,12.8498742014
6.7,2.26206804095,13.03820877
6.8,2.33035695739,13.2261883573
6.9,2.39962919048,13.4138078096
7,2.46988284124,13.6010619838
7.1,2.54111598414,13.7879457457
7.2,2.61332666554,13.9744539725
7.3,2.68651290591,14.1605815505
7.4,2.76067269895,14.3463233773
7.5,2.83580401249,14.5316743603
7.6,2.91190478536,14.7166294186
7.7,2.98897293173,14.9011834813
7.8,3.06700633958,15.0853314884
7.9,3.14600286802,15.2690683921
8,3.22596035216,15.4523891546
8.1,3.30687659925,15.6352887505
8.2,3.38874939196,15.8177621652
8.3,3.47157648556,15.9998043964
8.4,3.55535560814,16.1814104534
8.5,3.64008446346,16.3625753569
8.6,3.72576072935,16.5432941408
8.7,3.81238205632,16.7235618501
8.8,3.8999460692,16.9033735432
8.9,3.98845036818,17.08272429
9,2.41965482472,18.0873436729
9.1,2.95493226468,18.049067216
9.2,3.36015109088,18.0882460478
9.3,3.69579389722,18.1596126336
9.4,3.97649611765,18.2506172696
9.5,4.21196327199,18.3566151401
9.6,4.41072318826,18.4755241665
9.7,4.58098562683,18.6057806654
9.8,4.73013947172,18.7458477144
9.9,4.864246748,18.8941715031
10,4.98795811373,19.0492243016
10.1,5.1046746439,19.2095553943
10.2,5.21677949917,19.3738444311
10.3,5.32588080422,19.5409461311
10.4,5.43304702718,19.7099090573
10.5,5.53900888279,19.8799698574
10.6,5.64430353956,20.0505374718
10.7,5.74935729238,20.22117547
10.8,5.85452221119,20.3915813387
10.9,5.96008806711,20.5615606929
11,6.06628580161,20.7309983602
11.1,6.17329080589,20.8998308554
11.2,6.28122833815,21.0680242377
11.3,6.39018059795,21.2355591287
11.4,6.50019441199,21.4024224425
11.5,6.61128876618,21.5686040632
11.6,6.72346181288,21.7340963779
11.7,6.83669715371,21.898894907
11.8,6.9509692399,22.0629989171
11.9,7.06624777704,22.2264114882
12,7.18250107798,22.3891389712
12.1,7.29969840096,22.5511900066
12.2,7.41781142739,22.7125743553
12.3,7.53681504169,22.8733017707
12.4,7.65668762499,23.0333810666
12.5,7.77741101688,23.1928194577
12.6,7.89897029059,23.3516221809
12.7,8.02135342042,23.5097923666
12.8,8.1445509093,23.6673311039
12.9,8.26855540147,23.8242376389
13,8.39336130849,23.9805096505
13.1,8.51896445104,24.1361435538
13.2,8.64536173085,24.2911348032
13.3,8.77255083717,24.4454781673
13.4,8.90052998762,24.5991679689
13.5,9.02929770806,24.7521982794
13.6,9.15885265336,24.9045630756
13.7,9.28919346379,25.0562563545
13.8,9.42031866123,25.2072722173
13.9,9.55222657244,25.357604926
14,9.68491528265,25.5072489372
14.1,9.81838261332,25.6561989191
14.2,9.95262611533,25.8044497559
14.3,10.0876430785,25.9519965411
14.4,10.2234305486,26.0988345664
14.5,10.3599853524,26.2449593037
14.6,10.4973041257,26.3903663866
14.7,10.6353833389,26.5350515886
14.8,10.774219328,26.6790108045
14.9,10.9138083197,26.8222400298
15,11.0541464532,26.9647353412
15.1,11.1952297999,27.1064928833
15.2,11.3370543829,27.2475088523
15.3,11.4796161881,27.3877794847
15.4,11.622911175,27.5273010477
15.5,11.7669352864,27.6660698313
15.6,11.9116844525,27.8040821432
15.7,10.7836153251,29.2865799525
15.8,11.2731387679,29.0666689711
15.9,11.6671296131,28.964265296
16,12.0068883336,28.9159108632
16.1,12.301824255,28.9048615339
16.2,12.5594259965,28.9234525006
16.3,12.7869685378,28.9668065917
16.4,12.9916255942,29.0306391324
16.5,13.179820043,29.110961158
16.6,13.3567214414,29.204212775
16.7,13.5261750425,29.3073455678
16.8,13.6908731672,29.4178229802
16.9,13.8525967939,29.5335886458
17,14.0124624123,29.6530190375
17.1,14.1711489366,29.774856958
17.2,14.3290831573,29.8981366441
17.3,14.4865683652,30.0221201275
17.4,14.6438557081,30.146252541
17.5,14.8011718265,30.2701299745
17.6,14.9587215564,30.3934710044
17.7,15.1166814994,30.5160883021
17.8,15.2751937875,30.6378617495
17.9,15.4343636419,30.7587159607
18,15.5942609229,30.8786039653
18.1,15.7549245357,30.9974969376
18.2,15.9163683882,31.1153785504
18.3,16.0785878215,31.2322421289
18.4,16.2415657202,31.3480890533
18.5,16.4052777767,31.462927429
18.6,16.5696966215,31.576770601
18.7,16.7347947533,31.689635466
18.8,16.9005463727,31.8015407322
18.9,17.0669283444,31.9125053111
19,17.2339205319,32.0225469907
19.1,17.4015057437,32.131681465
19.2,17.5696694722,32.2399217307
19.3,17.7383995521,32.3472778143
19.4,17.9076858065,32.4537567687
19.5,17.0915449597,34.1273227326
19.6,17.5296521678,33.8160033503
19.7,17.8964951343,33.6382364864
19.8,18.2205149242,33.5239286132
19.9,18.507782295,33.4548687127
