1 0 0 -1.27221029604e-09 0 1 0 -1.80642970525e-10 0 0 1 2.89089183159e-10
1 0 0 -1.27259944249e-09 0 1 0 0.19999999955 0 0 1 -2.65670396793e-09
1 0 0 -8.98667890104e-10 0 1 0 0.400000000611 0 0 1 -1.21249751905e-08
1 0 0 -1.08173822677e-09 0 1 0 0.599999999778 0 0 1 -2.82283170172e-08
1 0 0 -8.90487850125e-10 0 1 0 0.800000001065 0 0 1 -5.03606111812e-08
1 0 0 -8.5296483765e-10 0 1 0 1.00000000033 0 0 1 -7.89305243942e-08
1 0 0 -9.06782426924e-10 0 1 0 1.20000000051 0 0 1 -1.13338923358e-07
1 0 0 -1.11432740812e-09 0 1 0 1.40000000024 0 0 1 -1.53197889818e-07
1 0 0 -8.85164885833e-10 0 1 0 1.60000000067 0 0 1 -2.01201066918e-07
1 0 0 -1.27539101502e-09 0 1 0 1.80000000024 0 0 1 -2.53970819153e-07
1 0 0 -8.25635171342e-10 0 1 0 2.00000000077 0 0 1 -3.14440567584e-07
1 0 0 -9.3288121672e-10 0 1 0 2.19999999981 0 0 1 -3.81298623786e-07
1 0 0 -1.19385468178e-09 0 1 0 2.40000000038 0 0 1 -4.52373432935e-07
1 0 0 -1.08050735026e-09 0 1 0 2.59999999991 0 0 1 -5.31451297636e-07
1 0 0 -1.12088738291e-09 0 1 0 2.79999999979 0 0 1 -6.15486204225e-07
1 0 0 -1.12783449246e-09 0 1 0 3.0000000005 0 0 1 -7.07862772842e-07
1 0 0 -8.22847678883e-10 0 1 0 3.2000000004 0 0 1 -8.06867427317e-07
1 0 0 -1.1996362792e-09 0 1 0 3.40000000047 0 0 1 -9.08770161345e-07
1 0 0 -1.13971743154e-09 0 1 0 3.60000000004 0 0 1 -1.01955739451e-06
1 0 0 -1.23352594805e-09 0 1 0 3.79999999997 0 0 1 -1.13530166956e-06
1 0 0 -8.90627016581e-10 0 1 0 4.00000000021 0 0 1 -1.25943691809e-06
1 0 0 -1.16711673659e-09 0 1 0 4.20000000036 0 0 1 -1.38784521631e-06
1 0 0 -1.13167253346e-09 0 1 0 4.39999999972 0 0 1 -1.52288159994e-06
1 0 0 -1.12518216966e-09 0 1 0 4.60000000053 0 0 1 -1.66463791329e-06
1 0 0 -1.27241905901e-09 0 1 0 4.79999999972 0 0 1 -1.81258508292e-06
1 0 0 -1.04533537382e-09 0 1 0 4.99999999984 0 0 1 -1.96730149327e-06
1 0 0 -9.09592179354e-10 0 1 0 5.20000000008 0 0 1 -2.12834991498e-06
1 0 0 -9.27576460086e-10 0 1 0 5.40000000066 0 0 1 -2.29435537902e-06
1 0 0 -1.03690123154e-09 0 1 0 5.60000000018 0 0 1 -2.46743314269e-06
1 0 0 -1.23756671577e-09 0 1 0 5.79999999981 0 0 1 -2.64684291773e-06
1 0 0 -1.06391140342e-09 0 1 0 6.00000000037 0 0 1 -2.83302193438e-06
1 0 0 -1.04398356626e-09 0 1 0 6.19999999971 0 0 1 -3.02514504336e-06
1 0 0 -1.11539621983e-09 0 1 0 6.39999999995 0 0 1 -3.22310663847e-06
1 0 0 -1.27814936413e-09 0 1 0 6.59999999991 0 0 1 -3.42764700845e-06
1 0 0 -1.12896869631e-09 0 1 0 6.79999999985 0 0 1 -3.6383219375e-06
1 0 0 -1.00874197884e-09 0 1 0 7.00000000086 0 0 1 -3.85596356001e-06
1 0 0 -1.04224251452e-09 0 1 0 7.20000000064 0 0 1 -4.07954927484e-06
1 0 0 -1.22947030334e-09 0 1 0 7.39999999958 0 0 1 -4.30883232072e-06
1 0 0 -9.79990755212e-10 0 1 0 7.6000000008 0 0 1 -4.54527252547e-06
1 0 0 -8.8423846023e-10 0 1 0 7.8000000004 0 0 1 -4.78790358605e-06
1 0 0 -1.2831014029e-09 0 1 0 8.00000000024 0 0 1 -5.03706411026e-06
1 0 0 -9.6675600858e-10 0 1 0 8.20000000034 0 0 1 -5.29191497955e-06
1 0 0 -1.20741217025e-09 0 1 0 8.40000000051 0 0 1 -5.55216710563e-06
1 0 0 -1.07374797942e-09 0 1 0 8.60000000005 0 0 1 -5.82017552375e-06
1 0 0 -1.03142427932e-09 0 1 0 8.80000000088 0 0 1 -6.09377566496e-06
1 0 0 -1.20521459479e-09 0 1 0 8.99999999914 0 0 1 -6.37293198125e-06
1 0 0 -8.7991081088e-10 0 1 0 9.20000000023 0 0 1 -6.66012689976e-06
1 0 0 -1.11160902705e-09 0 1 0 9.40000000021 0 0 1 -6.95346336332e-06
1 0 0 -9.68986224592e-10 0 1 0 9.60000000113 0 0 1 -7.25356906806e-06
1 0 0 -1.10486464422e-09 0 1 0 9.80000000051 0 0 1 -7.55736245317e-06
1 0 0 -1.20730980768e-09 0 1 0 10.0000000003 0 0 1 -7.86974426248e-06
1 0 0 -1.06020792146e-09 0 1 0 10.2 0 0 1 -8.18713242534e-06
1 0 0 -9.42059763531e-10 0 1 0 10.4000000003 0 0 1 -8.51173404381e-06
1 0 0 -9.77639302846e-10 0 1 0 10.5999999997 0 0 1 -8.8420329929e-06
1 0 0 -9.79785585997e-10 0 1 0 10.8000000016 0 0 1 -9.17968655134e-06
1 0 0 -1.26043264714e-09 0 1 0 11.0000000004 0 0 1 -9.52201484328e-06
1 0 0 -1.10437259337e-09 0 1 0 11.2000000006 0 0 1 -9.87199381797e-06
1 0 0 -1.10203979276e-09 0 1 0 11.4000000004 0 0 1 -1.02274233607e-05
1 0 0 -1.19104726082e-09 0 1 0 11.6000000003 0 0 1 -1.05891849156e-05
1 0 0 -9.05734598433e-10 0 1 0 11.8000000004 0 0 1 -1.0958209236e-05
1 0 0 -1.23981003242e-09 0 1 0 11.9999999999 0 0 1 -1.13317533703e-05
1 0 0 -1.19956533595e-09 0 1 0 12.1999999997 0 0 1 -1.17125602692e-05
1 0 0 -1.1882739237e-09 0 1 0 12.4000000001 0 0 1 -1.21005806246e-05
1 0 0 -9.27435905851e-10 0 1 0 12.5999999999 0 0 1 -1.24938540962e-05
1 0 0 -1.16121245952e-09 0 1 0 12.8000000008 0 0 1 -1.28931635048e-05
1 0 0 -1.08305542312e-09 0 1 0 13.0000000004 0 0 1 -1.32993477617e-05
1 0 0 -1.0962390995e-09 0 1 0 13.2000000006 0 0 1 -1.37116172674e-05
1 0 0 -1.20076304455e-09 0 1 0 13.4000000005 0 0 1 -1.41304655488e-05
1 0 0 -9.30966415069e-10 0 1 0 13.6000000009 0 0 1 -1.4556329833e-05
1 0 0 -1.21817134158e-09 0 1 0 13.8000000007 0 0 1 -1.49880888989e-05
1 0 0 -1.25582966248e-09 0 1 0 14.0000000002 0 0 1 -1.54248543174e-05
1 0 0 -9.19166964763e-10 0 1 0 14.1999999999 0 0 1 -1.5868882504e-05
1 0 0 -1.07711972674e-09 0 1 0 14.4000000002 0 0 1 -1.63191933886e-05
1 0 0 -8.607514701e-10 0 1 0 14.6000000019 0 0 1 -1.67760267527e-05
1 0 0 -9.2288399145e-10 0 1 0 14.8000000001 0 0 1 -1.7237781611e-05
1 0 0 -8.89197160348e-10 0 1 0 15.0000000008 0 0 1 -1.77080192874e-05
1 0 0 -1.13401110724e-09 0 1 0 15.2000000007 0 0 1 -1.81814511171e-05
1 0 0 -9.42117495129e-10 0 1 0 15.4000000006 0 0 1 -1.86635206827e-05
1 0 0 -8.41564595788e-10 0 1 0 15.6000000002 0 0 1 -1.91521690223e-05
1 0 0 -8.3235196513e-10 0 1 0 15.8000000006 0 0 1 -1.9646655848e-05
1 0 0 -9.14480491332e-10 0 1 0 16.0000000005 0 0 1 -2.01479682111e-05
1 0 0 -1.21272281106e-09 0 1 0 16.2000000009 0 0 1 -2.06528626476e-05
1 0 0 -1.13664411217e-09 0 1 0 16.3999999998 0 0 1 -2.11660069001e-05
1 0 0 -1.15190657013e-09 0 1 0 16.5999999997 0 0 1 -2.16849896395e-05
1 0 0 -1.1961227564e-09 0 1 0 16.8000000006 0 0 1 -2.22109390711e-05
1 0 0 -8.66017924039e-10 0 1 0 17.0000000005 0 0 1 -2.27448915586e-05
1 0 0 -1.21768861661e-09 0 1 0 17.2000000005 0 0 1 -2.32817421253e-05
1 0 0 -1.13265219426e-09 0 1 0 17.4000000009 0 0 1 -2.38269836652e-05
1 0 0 -1.26373045362e-09 0 1 0 17.6000000003 0 0 1 -2.43767943289e-05
1 0 0 -9.58100265791e-10 0 1 0 17.7999999999 0 0 1 -2.49349959667e-05
1 0 0 -1.20947163396e-09 0 1 0 18.0000000001 0 0 1 -2.54983520982e-05
1 0 0 -1.14891030023e-09 0 1 0 18.2000000002 0 0 1 -2.60678427892e-05
1 0 0 -1.11730180663e-09 0 1 0 18.4000000014 0 0 1 -2.66443001706e-05
1 0 0 -8.36146263339e-10 0 1 0 18.6000000012 0 0 1 -2.72265041961e-05
1 0 0 -1.04960573566e-09 0 1 0 18.8000000009 0 0 1 -2.78154844473e-05
1 0 0 -9.5113161791e-10 0 1 0 19.0000000006 0 0 1 -2.84105992581e-05
1 0 0 -1.0063851974e-09 0 1 0 19.2000000006 0 0 1 -2.90106711098e-05
1 0 0 -1.09059250519e-09 0 1 0 19.4000000009 0 0 1 -2.96182031807e-05
1 0 0 -8.62865334739e-10 0 1 0 19.6 0 0 1 -3.02326101007e-05
1 0 0 -1.1297531799e-09 0 1 0 19.8000000005 0 0 1 -3.08528061943e-05
1 0 0 -1.08470743498e-09 0 1 0 20.0000000006 0 0 1 -3.14793836118e-05
1 0 0 -1.13100284693e-09 0 1 0 20.2000000008 0 0 1 -3.2112293038e-05
1 0 0 -8.65363780633e-10 0 1 0 20.4000000006 0 0 1 -3.27515837881e-05
1 0 0 -1.15672627032e-09 0 1 0 20.6000000001 0 0 1 -3.3396522559e-05
1 0 0 -1.07376862957e-09 0 1 0 20.8000000009 0 0 1 -3.40479838083e-05
1 0 0 -1.14453779787e-09 0 1 0 21.0000000002 0 0 1 -3.470563591e-05
1 0 0 -8.40986835726e-10 0 1 0 21.2000000007 0 0 1 -3.5369810492e-05
1 0 0 -1.03205088919e-09 0 1 0 21.4000000003 0 0 1 -3.60412548268e-05
1 0 0 -9.73567004792e-10 0 1 0 21.6000000005 0 0 1 -3.67172119891e-05
1 0 0 -1.00642427725e-09 0 1 0 21.8 0 0 1 -3.7399994687e-05
1 0 0 -1.13062270657e-09 0 1 0 21.9999999997 0 0 1 -3.80891093954e-05
1 0 0 -1.28377397601e-09 0 1 0 22.2 0 0 1 -3.87854375603e-05
1 0 0 -1.18737908394e-09 0 1 0 22.4000000002 0 0 1 -3.94867720797e-05
1 0 0 -1.119937032e-09 0 1 0 22.6000000002 0 0 1 -4.01958135789e-05
1 0 0 -1.14383613692e-09 0 1 0 22.8000000007 0 0 1 -4.09109403261e-05
1 0 0 -9.18188192145e-10 0 1 0 23.0000000011 0 0 1 -4.16310734277e-05
1 0 0 -1.24954180336e-09 0 1 0 23.1999999995 0 0 1 -4.23578416004e-05
1 0 0 -1.14418785557e-09 0 1 0 23.3999999999 0 0 1 -4.30920136942e-05
1 0 0 -1.19256160502e-09 0 1 0 23.6000000002 0 0 1 -4.38313895916e-05
1 0 0 -9.29001764405e-10 0 1 0 23.8000000001 0 0 1 -4.45771468112e-05
1 0 0 -1.09766951084e-09 0 1 0 24.0000000008 0 0 1 -4.53303149399e-05
1 0 0 -1.01679020759e-09 0 1 0 24.2000000009 0 0 1 -4.60887361857e-05
1 0 0 -1.02725206119e-09 0 1 0 24.4000000004 0 0 1 -4.68539829654e-05
1 0 0 -1.19144072386e-09 0 1 0 24.6000000006 0 0 1 -4.76239400253e-05
1 0 0 -9.18922715698e-10 0 1 0 24.8000000003 0 0 1 -4.84027815855e-05
1 0 0 -1.26579191573e-09 0 1 0 24.9999999999 0 0 1 -4.91858961951e-05
1 0 0 -1.23834187349e-09 0 1 0 25.2000000001 0 0 1 -4.99760268085e-05
1 0 0 -8.36569924445e-10 0 1 0 25.4 0 0 1 -5.07736669508e-05
1 0 0 -9.91801307748e-10 0 1 0 25.6000000012 0 0 1 -5.15759680599e-05
1 0 0 -8.97483865003e-10 0 1 0 25.8000000003 0 0 1 -5.23845093383e-05
1 0 0 -8.32121038741e-10 0 1 0 26.0000000004 0 0 1 -5.32000173088e-05
1 0 0 -8.58099369339e-10 0 1 0 26.2000000006 0 0 1 -5.40218572898e-05
1 0 0 -1.037804509e-09 0 1 0 26.4000000004 0 0 1 -5.48491478369e-05
1 0 0 -1.24646337696e-09 0 1 0 26.6000000012 0 0 1 -5.56834050798e-05
1 0 0 -1.20557519523e-09 0 1 0 26.7999999995 0 0 1 -5.65241492509e-05
1 0 0 -1.1936407418e-09 0 1 0 27.0000000005 0 0 1 -5.7370873062e-05
1 0 0 -1.27304744524e-09 0 1 0 27.2000000008 0 0 1 -5.82244224141e-05
1 0 0 -1.1029062108e-09 0 1 0 27.4000000009 0 0 1 -5.90829781171e-05
1 0 0 -1.02410613323e-09 0 1 0 27.5999999999 0 0 1 -5.99486061219e-05
1 0 0 -1.03664632434e-09 0 1 0 27.8000000002 0 0 1 -6.08198258476e-05
1 0 0 -1.01575370337e-09 0 1 0 28.0000000006 0 0 1 -6.16998807619e-05
1 0 0 -1.21097532002e-09 0 1 0 28.2000000015 0 0 1 -6.25835177459e-05
1 0 0 -1.03187591804e-09 0 1 0 28.400000001 0 0 1 -6.34754045521e-05
1 0 0 -1.06889075369e-09 0 1 0 28.6000000004 0 0 1 -6.4371366955e-05
1 0 0 -1.07247277725e-09 0 1 0 28.8000000005 0 0 1 -6.52756710178e-05
1 0 0 -8.26507751128e-10 0 1 0 29.0000000001 0 0 1 -6.61852281958e-05
1 0 0 -1.07515774062e-09 0 1 0 29.2000000003 0 0 1 -6.71010680779e-05
1 0 0 -9.49486711477e-10 0 1 0 29.4000000006 0 0 1 -6.80241707247e-05
1 0 0 -1.03992991995e-09 0 1 0 29.6000000004 0 0 1 -6.89515957344e-05
1 0 0 -1.09694031636e-09 0 1 0 29.8000000006 0 0 1 -6.98876091665e-05
1 0 0 -9.04403663071e-10 0 1 0 30.0000000014 0 0 1 -7.0828135426e-05
1 0 0 -1.2064820254e-09 0 1 0 30.2000000008 0 0 1 -7.17761782028e-05
1 0 0 -1.19662679765e-09 0 1 0 30.4000000007 0 0 1 -7.27301087728e-05
1 0 0 -8.74837091658e-10 0 1 0 30.6000000009 0 0 1 -7.36899271416e-05
1 0 0 -1.04766240128e-09 0 1 0 30.8000000006 0 0 1 -7.46567685006e-05
1 0 0 -9.70940661205e-10 0 1 0 30.9999999997 0 0 1 -7.56288629731e-05
1 0 0 -8.60786997237e-10 0 1 0 31.2000000005 0 0 1 -7.66088055855e-05
1 0 0 -9.66745794528e-10 0 1 0 31.4000000002 0 0 1 -7.7593317318e-05
1 0 0 -1.10166009648e-09 0 1 0 31.6000000002 0 0 1 -7.85852892697e-05
1 0 0 -9.24639032007e-10 0 1 0 31.8000000002 0 0 1 -7.9583395781e-05
1 0 0 -1.24223387132e-09 0 1 0 32.0000000016 0 0 1 -8.05872914675e-05
1 0 0 -9.07006914019e-10 0 1 0 32.2000000004 0 0 1 -8.15974766333e-05
1 0 0 -1.00400843195e-09 0 1 0 32.4000000007 0 0 1 -8.26145791795e-05
1 0 0 -1.25473675894e-09 0 1 0 32.6000000006 0 0 1 -8.36371322936e-05
1 0 0 -1.13114495548e-09 0 1 0 32.8000000003 0 0 1 -8.46671949386e-05
1 0 0 -1.16127996108e-09 0 1 0 32.9999999999 0 0 1 -8.57024613854e-05
1 0 0 -1.28275612354e-09 0 1 0 33.2 0 0 1 -8.67438130818e-05
1 0 0 -1.02991126738e-09 0 1 0 33.4000000002 0 0 1 -8.77924275464e-05
1 0 0 -1.27168231501e-09 0 1 0 33.6000000003 0 0 1 -8.8847818235e-05
1 0 0 -8.60630677835e-10 0 1 0 33.8000000005 0 0 1 -8.99077710645e-05
1 0 0 -8.81807515896e-10 0 1 0 34.0000000008 0 0 1 -9.09756283232e-05
1 0 0 -1.0567120512e-09 0 1 0 34.2000000001 0 0 1 -9.20491829142e-05
1 0 0 -8.57295567869e-10 0 1 0 34.4000000012 0 0 1 -9.31290132211e-05
1 0 0 -1.27726806909e-09 0 1 0 34.6000000003 0 0 1 -9.42143503906e-05
1 0 0 -8.57258264375e-10 0 1 0 34.8000000003 0 0 1 -9.53073875571e-05
1 0 0 -9.94251792008e-10 0 1 0 35.0000000008 0 0 1 -9.64055792174e-05
1 0 0 -1.22258470014e-09 0 1 0 35.200000001 0 0 1 -9.75103496508e-05
1 0 0 -1.20136967041e-09 0 1 0 35.3999999998 0 0 1 -9.86208667264e-05
1 0 0 -1.14672360496e-09 0 1 0 35.6000000003 0 0 1 -9.97392319384e-05
1 0 0 -8.42527825284e-10 0 1 0 35.8000000002 0 0 1 -0.000100862850267
1 0 0 -1.03294972575e-09 0 1 0 36 0 0 1 -0.000101993244822
1 0 0 -8.49048831242e-10 0 1 0 36.2000000006 0 0 1 -0.000103130408615
1 0 0 -1.28453869763e-09 0 1 0 36.4000000001 0 0 1 -0.000104272585748
1 0 0 -8.80044481733e-10 0 1 0 36.6000000012 0 0 1 -0.000105421969351
1 0 0 -1.15732667894e-09 0 1 0 36.8000000006 0 0 1 -0.000106575484853
1 0 0 -9.97902205313e-10 0 1 0 37.0000000007 0 0 1 -0.00010773714456
1 0 0 -8.67430571816e-10 0 1 0 37.2000000006 0 0 1 -0.000108906511247
1 0 0 -8.90686635557e-10 0 1 0 37.4000000005 0 0 1 -0.000110081081743
1 0 0 -1.06766862018e-09 0 1 0 37.6 0 0 1 -0.000111261102802
1 0 0 -9.32718791091e-10 0 1 0 37.7999999998 0 0 1 -0.000112447011659
1 0 0 -1.22999566088e-09 0 1 0 38.0000000004 0 0 1 -0.000113640331424
1 0 0 -1.2153389406e-09 0 1 0 38.2000000007 0 0 1 -0.000114840032513
1 0 0 -8.88748630246e-10 0 1 0 38.4000000001 0 0 1 -0.00011604636169
1 0 0 -1.11916165224e-09 0 1 0 38.6000000008 0 0 1 -0.000117257351828
1 0 0 -1.03763930781e-09 0 1 0 38.7999999995 0 0 1 -0.000118475710345
1 0 0 -9.85069803505e-10 0 1 0 39.0000000004 0 0 1 -0.000119700295265
1 0 0 -1.02384234424e-09 0 1 0 39.2000000007 0 0 1 -0.000120931705723
1 0 0 -1.27872823441e-09 0 1 0 39.4 0 0 1 -0.000122167685305
1 0 0 -1.0345200252e-09 0 1 0 39.6000000005 0 0 1 -0.000123412690538
1 0 0 -1.00642694179e-09 0 1 0 39.8000000012 0 0 1 -0.000124661524609
