0,0,0
0.1,8.23660021011e-13,8.99906851815e-08
0.2,-3.20380594132e-07,0.255157616713
0.3,-1.59289066667e-07,0.473326355445
0.4,-9.14100624857e-08,0.682354505653
0.5,-5.92894810576e-08,0.887669578941
0.6,-4.16524983147e-08,1.09110265524
0.7,-3.07206891265e-08,1.29344886645
0.8,-2.31764878271e-08,1.49511188143
0.9,-1.78201556412e-08,1.69631984972
1,-1.3634888411e-08,1.89721216655
1.1,-1.0439083848e-08,2.09787909646
1.2,-8.02043915264e-09,2.29838170998
1.3,-6.07443590515e-09,2.49876271455
1.4,-4.54980482379e-09,2.6990527292
1.5,-3.35209698993e-09,2.89927411892
1.6,-2.32368410307e-09,3.09944344845
1.7,-1.65744937875e-09,3.29957311572
1.8,-1.14107600355e-09,3.49967247304
1.9,-7.98877513253e-10,3.69974861798
2,-4.60992995385e-10,3.8998069618
2.1,-3.28978483634e-10,4.09985164472
2.2,-2.56505837068e-10,4.29988584295
2.3,-2.38627944871e-10,4.49991199854
2.4,-3.07976343179e-10,4.69993199019
2.5,-3.22022086486e-10,4.89994726504
2.6,-3.19757488021e-10,5.09995893675
2.7,-3.48792738742e-10,5.29996786167
2.8,-4.23988325641e-10,5.49997469665
2.9,-5.55594459509e-10,5.69997994478
3,-6.06609009167e-10,5.89998399019
3.1,-6.40914136605e-10,6.09998712445
3.2,-6.87423482209e-10,6.29998956887
3.3,-7.67971052666e-10,6.49999149016
3.4,-7.74225207567e-10,6.69999301368
3.5,-7.33027288062e-10,6.89999423357
3.6,-7.04029852467e-10,7.0999952197
3.7,-7.31580528124e-10,7.29999602429
3.8,-6.65616882298e-10,7.49999668709
3.9,-5.78856304331e-10,7.69999723699
4,-6.31002848456e-10,7.89999769621
4.1,-5.64932900815e-10,8.09999808165
4.2,-5.84576969595e-10,8.29999840628
4.3,-5.52613100513e-10,8.49999868006
4.4,-5.1163632731e-10,8.69999891136
4.5,-5.31927933029e-10,8.89999910605
4.6,-4.43840042385e-10,9.09999927023
4.7,-4.48980424492e-10,9.29999940806
4.8,-4.08015184806e-10,9.49999952355
4.9,-4.19561683899e-10,9.69999961957
5,-4.59765971715e-10,9.89999969904
5.1,-4.43780528198e-10,10.0999997644
5.2,-3.95463612403e-10,10.2999998179
5.3,-3.714611498e-10,10.4999998612
5.4,-3.55515532984e-10,10.6999998965
5.5,-4.31619716353e-10,10.8999999243
5.6,-4.40045379482e-10,11.0999999463
5.7,-4.4558941901e-10,11.2999999634
5.8,-4.77270535454e-10,11.4999999764
5.9,-4.12462305473e-10,11.6999999862
6,-4.68237857313e-10,11.8999999934
6.1,-4.97201182379e-10,12.0999999984
6.2,-5.14784692845e-10,12.3000000018
6.3,-4.46762149067e-10,12.500000004
6.4,-4.68955932415e-10,12.7000000054
6.5,-4.61497094415e-10,12.9000000059
6.6,-4.60221213335e-10,13.1000000059
6.7,-4.91707289864e-10,13.3000000055
6.8,-4.31474106398e-10,13.5000000049
6.9,-4.75951516814e-10,13.7000000041
7,-5.20481009382e-10,13.9000000031
7.1,-4.48839090711e-10,14.1000000019
7.2,-4.44756545179e-10,14.3000000009
7.3,-3.7532720806e-10,14.5000000002
7.4,-3.44153556078e-10,14.6999999992
7.5,-3.11956912231e-10,14.8999999983
7.6,-3.65055920888e-10,15.0999999975
7.7,-3.45582153719e-10,15.2999999968
7.8,-3.00507200034e-10,15.499999996
7.9,-2.65154114387e-10,15.6999999954
8,-2.65503323387e-10,15.8999999948
8.1,-3.58798244074e-10,16.0999999943
8.2,-4.04042259164e-10,16.2999999937
8.3,-4.41255730574e-10,16.4999999931
8.4,-4.8124746146e-10,16.6999999927
8.5,-4.07543877931e-10,16.8999999924
8.6,-4.6127728949e-10,17.0999999921
8.7,-4.7422486436e-10,17.2999999919
8.8,-5.23524012816e-10,17.4999999916
8.9,-4.64497703013e-10,17.6999999912
9,-4.98053027111e-10,17.8999999909
9.1,-5.03717558438e-10,18.0999999906
9.2,-4.97596652875e-10,18.2999999906
9.3,-4.05871688534e-10,18.4999999906
9.4,-4.04597638953e-10,18.6999999904
9.5,-3.74027982501e-10,18.8999999902
9.6,-3.693134058e-10,19.0999999899
9.7,-3.92565410684e-10,19.2999999898
9.8,-3.39750915053e-10,19.4999999894
9.9,-3.83787733193e-10,19.6999999892
10,0.308774235363,19.8999999623
10.1,0.533198063349,20.0975323296
10.2,0.693616302275,20.2936865656
10.3,0.806238203045,20.4906284918
10.4,0.883513973605,20.6894715144
10.5,0.629694767648,20.9028862973
10.6,0.4406227334,21.110526978
10.7,0.301272378306,21.3117177124
10.8,0.199797426452,21.509191311
10.9,0.127417791088,21.7055681489
11,0.076980058009,21.9024538965
11.1,0.0426468776754,22.1004554303
11.2,0.0198844713512,22.2995384008
11.3,0.00532639682586,22.4993931553
11.4,-0.00346749961808,22.6996693743
11.5,-0.00825772361402,22.9000848577
11.6,-0.0103217014603,23.1004571922
11.7,-0.0105910412067,23.3006971281
11.8,-0.00974311239128,23.5007858178
11.9,-0.00826403667904,23.7007480611
12,-0.0064951002111,23.9006283723
12.1,-0.00466879404767,24.1004732205
12.2,-0.00293710607121,24.3003202694
12.3,-0.00139328019295,24.5001938048
12.4,-8.80733621035e-05,24.7001047153
12.5,0.000958304900011,24.9000532015
12.6,0.0017473663725,25.1000326033
12.7,0.00229562922908,25.3000331506
12.8,0.00262934107833,25.5000449246
12.9,0.00278026709905,25.7000597434
13,0.0027823638955,25.9000720159
13.1,0.0026692496465,26.1000787892
13.2,0.00247239288141,26.3000792924
13.3,0.00221992772299,26.5000742574
13.4,0.00193598784728,26.7000652274
13.5,0.00164044747504,26.9000539878
13.6,0.0013489661776,27.1000421689
13.7,0.00107324762309,27.3000310276
13.8,0.000821438218093,27.5000213742
13.9,0.00059860745223,27.7000136006
14,0.000407263165288,27.9000077646
14.1,0.000247866037058,28.1000036955
14.2,0.000119317444046,28.3000010946
14.3,1.94011969231e-05,28.4999996183
14.4,-5.48307514499e-05,28.699998936
14.5,-0.000106735111978,28.8999987638
14.6,-0.0001398171131,29.0999988807
14.7,-0.000157529258387,29.2999991288
14.8,-0.000163125516923,29.4999994058
14.9,-0.000159562082084,29.6999996541
15,-0.00014943833447,29.8999998483
15.1,-0.000134970330406,30.0999999828
15.2,-0.000117988474336,30.3000000645
15.3,-9.99545822553e-05,30.5000001052
15.4,-8.19916866702e-05,30.7000001175
15.5,-6.49210779536e-05,30.9000001124
15.6,-4.93043949789e-05,31.100000099
15.7,-3.54864015229e-05,31.3000000828
15.8,-2.36363915963e-05,31.5000000675
15.9,-1.37868711058e-05,31.7000000546
16,-5.86873986097e-06,31.9000000451
16.1,2.59086698604e-07,32.1000000378
16.2,4.78330401882e-06,32.3000000327
16.3,7.91582548307e-06,32.5000000289
16.4,9.87730488585e-06,32.7000000258
16.5,1.08842381455e-05,32.9000000228
16.6,1.1140188423e-05,33.1000000199
16.7,1.0829891834e-05,33.3000000169
16.8,1.01152744423e-05,33.5000000137
16.9,9.13460828379e-06,33.7000000103
17,8.00169609562e-06,33.9000000068
17.1,6.80749801679e-06,34.1000000032
17.2,5.62204897538e-06,34.2999999998
17.3,4.49629445071e-06,34.4999999964
17.4,3.46553417651e-06,34.6999999931
17.5,2.55105911501e-06,34.8999999903
17.6,1.76343403732e-06,35.0999999877
17.7,1.10480321718e-06,35.2999999851
17.8,5.70842461912e-07,35.4999999829
17.9,1.52793410578e-07,35.699999981
18,-1.61263090081e-07,35.8999999793
18.1,-3.84540853747e-07,36.0999999779
18.2,-5.3117552105e-07,36.2999999766
18.3,-6.14591021274e-07,36.4999999758
18.4,-6.4798606421e-07,36.6999999749
18.5,-6.42991118904e-07,36.8999999741
18.6,-6.10036363043e-07,37.0999999734
18.7,-5.58092822309e-07,37.2999999728
18.8,-4.94614824729e-07,37.4999999722
18.9,-4.25460823019e-07,37.6999999716
19,-3.55419233906e-07,37.8999999712
19.1,-2.87821751143e-07,38.099999971
19.2,-2.25002196127e-07,38.2999999706
19.3,-1.6872091313e-07,38.4999999704
19.4,-1.1970885352e-07,38.6999999699
19.5,-7.82748366352e-08,38.8999999697
19.6,-4.43194167161e-08,39.0999999696
19.7,-1.74682123309e-08,39.2999999693
19.8,3.09504902052e-09,39.4999999692
19.9,1.80396807933e-08,39.6999999692
