1 0 0 -1.27221029604e-09 0 1 0 -1.80642970525e-10 0 0 1 2.89089183159e-10
1 0 0 -1.10196100855e-09 0 1 0 0.0999999997425 0 0 1 -3.97596747193e-10
1 0 0 -1.27259944249e-09 0 1 0 0.19999999955 0 0 1 -2.65670396793e-09
1 0 0 -8.52803022644e-10 0 1 0 0.300000000492 0 0 1 -7.6094542889e-09
1 0 0 -8.98667890104e-10 0 1 0 0.400000000611 0 0 1 -1.21249751905e-08
1 0 0 -1.22303368821e-09 0 1 0 0.500000000376 0 0 1 -1.95878870624e-08
1 0 0 -1.08173822677e-09 0 1 0 0.599999999778 0 0 1 -2.82283170172e-08
1 0 0 -1.2813304584e-09 0 1 0 0.699999999459 0 0 1 -3.81944054162e-08
1 0 0 -8.90487850125e-10 0 1 0 0.800000001065 0 0 1 -5.03606111812e-08
1 0 0 -9.02919738976e-10 0 1 0 0.900000000819 0 0 1 -6.39580829409e-08
1 0 0 -8.5296483765e-10 0 1 0 1.00000000033 0 0 1 -7.89305243942e-08
1 0 0 -1.14389769879e-09 0 1 0 1.09999999973 0 0 1 -9.54753871518e-08
1 0 0 -9.06782426924e-10 0 1 0 1.20000000051 0 0 1 -1.13338923358e-07
1 0 0 -1.07294167995e-09 0 1 0 1.29999999982 0 0 1 -1.32386962615e-07
1 0 0 -1.11432740812e-09 0 1 0 1.40000000024 0 0 1 -1.53197889818e-07
1 0 0 -1.03093950043e-09 0 1 0 1.50000000097 0 0 1 -1.76265230634e-07
1 0 0 -8.85164885833e-10 0 1 0 1.60000000067 0 0 1 -2.01201066918e-07
1 0 0 -1.08027792267e-09 0 1 0 1.70000000026 0 0 1 -2.27709324396e-07
1 0 0 -1.27539101502e-09 0 1 0 1.80000000024 0 0 1 -2.53970819153e-07
1 0 0 -1.28334370908e-09 0 1 0 1.8999999999 0 0 1 -2.84110459936e-07
1 0 0 -8.25635171342e-10 0 1 0 2.00000000077 0 0 1 -3.14440567584e-07
1 0 0 -1.17447557235e-09 0 1 0 2.09999999992 0 0 1 -3.46399392614e-07
1 0 0 -9.3288121672e-10 0 1 0 2.19999999981 0 0 1 -3.81298623786e-07
1 0 0 -1.09456133046e-09 0 1 0 2.29999999982 0 0 1 -4.16395306457e-07
1 0 0 -1.19385468178e-09 0 1 0 2.40000000038 0 0 1 -4.52373432935e-07
1 0 0 -1.16837439723e-09 0 1 0 2.49999999967 0 0 1 -4.91595025132e-07
1 0 0 -1.08050735026e-09 0 1 0 2.59999999991 0 0 1 -5.31451297636e-07
1 0 0 -8.67866778442e-10 0 1 0 2.70000000085 0 0 1 -5.73317221697e-07
1 0 0 -1.12088738291e-09 0 1 0 2.79999999979 0 0 1 -6.15486204225e-07
1 0 0 -1.18674770011e-09 0 1 0 2.89999999959 0 0 1 -6.60793044505e-07
1 0 0 -1.12783449246e-09 0 1 0 3.0000000005 0 0 1 -7.07862772842e-07
1 0 0 -1.06892128482e-09 0 1 0 3.09999999982 0 0 1 -7.55919552509e-07
1 0 0 -8.22847678883e-10 0 1 0 3.2000000004 0 0 1 -8.06867427317e-07
1 0 0 -1.1048222337e-09 0 1 0 3.29999999961 0 0 1 -8.56496628288e-07
1 0 0 -1.1996362792e-09 0 1 0 3.40000000047 0 0 1 -9.08770161345e-07
1 0 0 -1.16967691088e-09 0 1 0 3.50000000045 0 0 1 -9.64040396401e-07
1 0 0 -1.13971743154e-09 0 1 0 3.60000000004 0 0 1 -1.01955739451e-06
1 0 0 -9.84984427355e-10 0 1 0 3.70000000034 0 0 1 -1.07708404351e-06
1 0 0 -1.23352594805e-09 0 1 0 3.79999999997 0 0 1 -1.13530166956e-06
1 0 0 -8.91632656597e-10 0 1 0 3.89999999995 0 0 1 -1.19670646481e-06
1 0 0 -8.90627016581e-10 0 1 0 4.00000000021 0 0 1 -1.25943691809e-06
1 0 0 -8.89621376565e-10 0 1 0 4.09999999967 0 0 1 -1.3226608977e-06
1 0 0 -1.16711673659e-09 0 1 0 4.20000000036 0 0 1 -1.38784521631e-06
1 0 0 -9.1656393586e-10 0 1 0 4.30000000085 0 0 1 -1.45533526008e-06
1 0 0 -1.13167253346e-09 0 1 0 4.39999999972 0 0 1 -1.52288159994e-06
1 0 0 -1.15962084379e-09 0 1 0 4.50000000024 0 0 1 -1.59307227188e-06
1 0 0 -1.12518216966e-09 0 1 0 4.60000000053 0 0 1 -1.66463791329e-06
1 0 0 -9.65969970679e-10 0 1 0 4.69999999994 0 0 1 -1.73920025714e-06
1 0 0 -1.27241905901e-09 0 1 0 4.79999999972 0 0 1 -1.81258508292e-06
1 0 0 -9.26046572758e-10 0 1 0 4.90000000039 0 0 1 -1.89003852125e-06
1 0 0 -1.04533537382e-09 0 1 0 4.99999999984 0 0 1 -1.96730149327e-06
1 0 0 -1.03985065003e-09 0 1 0 5.1 0 0 1 -2.04657411595e-06
1 0 0 -9.09592179354e-10 0 1 0 5.20000000008 0 0 1 -2.12834991498e-06
1 0 0 -1.18260845561e-09 0 1 0 5.29999999988 0 0 1 -2.21056992888e-06
1 0 0 -9.27576460086e-10 0 1 0 5.40000000066 0 0 1 -2.29435537902e-06
1 0 0 -1.01343222703e-09 0 1 0 5.50000000054 0 0 1 -2.38020677612e-06
1 0 0 -1.03690123154e-09 0 1 0 5.60000000018 0 0 1 -2.46743314269e-06
1 0 0 -9.35596711216e-10 0 1 0 5.70000000013 0 0 1 -2.55691592299e-06
1 0 0 -1.23756671577e-09 0 1 0 5.79999999981 0 0 1 -2.64684291773e-06
1 0 0 -9.49101908176e-10 0 1 0 5.90000000062 0 0 1 -2.739463556e-06
1 0 0 -1.06391140342e-09 0 1 0 6.00000000037 0 0 1 -2.83302193438e-06
1 0 0 -1.11633435829e-09 0 1 0 6.09999999988 0 0 1 -2.92795528178e-06
1 0 0 -1.04398356626e-09 0 1 0 6.19999999971 0 0 1 -3.02514504336e-06
1 0 0 -8.46859249393e-10 0 1 0 6.30000000063 0 0 1 -3.12409769299e-06
1 0 0 -1.11539621983e-09 0 1 0 6.39999999995 0 0 1 -3.22310663847e-06
1 0 0 -1.196772903e-09 0 1 0 6.50000000012 0 0 1 -3.32525344238e-06
1 0 0 -1.27814936413e-09 0 1 0 6.59999999991 0 0 1 -3.42764700845e-06
1 0 0 -1.23475252245e-09 0 1 0 6.70000000039 0 0 1 -3.53205022474e-06
1 0 0 -1.12896869631e-09 0 1 0 6.79999999985 0 0 1 -3.6383219375e-06
1 0 0 -8.98411567363e-10 0 1 0 6.90000000002 0 0 1 -3.74660330094e-06
1 0 0 -1.00874197884e-09 0 1 0 7.00000000086 0 0 1 -3.85596356001e-06
1 0 0 -1.11907239031e-09 0 1 0 7.09999999972 0 0 1 -3.96655763302e-06
1 0 0 -1.04224251452e-09 0 1 0 7.20000000064 0 0 1 -4.07954927484e-06
1 0 0 -9.03025876298e-10 0 1 0 7.30000000092 0 0 1 -4.19416264918e-06
1 0 0 -1.22947030334e-09 0 1 0 7.39999999958 0 0 1 -4.30883232072e-06
1 0 0 -9.6548014028e-10 0 1 0 7.50000000017 0 0 1 -4.42570210879e-06
1 0 0 -9.79990755212e-10 0 1 0 7.6000000008 0 0 1 -4.54527252547e-06
1 0 0 -9.94501370144e-10 0 1 0 7.70000000104 0 0 1 -4.66508970476e-06
1 0 0 -8.8423846023e-10 0 1 0 7.8000000004 0 0 1 -4.78790358605e-06
1 0 0 -1.11486331278e-09 0 1 0 7.90000000044 0 0 1 -4.91179636342e-06
1 0 0 -1.2831014029e-09 0 1 0 8.00000000024 0 0 1 -5.03706411026e-06
1 0 0 -9.85678205723e-10 0 1 0 8.10000000007 0 0 1 -5.16326261257e-06
1 0 0 -9.6675600858e-10 0 1 0 8.19999999955 0 0 1 -5.29240850522e-06
1 0 0 -8.8544682697e-10 0 1 0 8.30000000036 0 0 1 -5.42194231645e-06
1 0 0 -1.20741217025e-09 0 1 0 8.40000000051 0 0 1 -5.55216710563e-06
1 0 0 -9.38942923412e-10 0 1 0 8.50000000022 0 0 1 -5.68607258877e-06
1 0 0 -1.07374797942e-09 0 1 0 8.60000000005 0 0 1 -5.82017552375e-06
1 0 0 -1.08377951058e-09 0 1 0 8.70000000019 0 0 1 -5.95653487201e-06
1 0 0 -1.03142427932e-09 0 1 0 8.80000000088 0 0 1 -6.09377566496e-06
1 0 0 -9.16682285634e-10 0 1 0 8.89999999975 0 0 1 -6.23337847827e-06
1 0 0 -1.20521459479e-09 0 1 0 8.99999999914 0 0 1 -6.37293198125e-06
1 0 0 -1.24419985426e-09 0 1 0 9.10000000034 0 0 1 -6.51625802206e-06
1 0 0 -8.7991081088e-10 0 1 0 9.20000000023 0 0 1 -6.66012689976e-06
1 0 0 -1.25978383281e-09 0 1 0 9.29999999973 0 0 1 -6.8060124141e-06
1 0 0 -1.11160902705e-09 0 1 0 9.40000000021 0 0 1 -6.95346336332e-06
1 0 0 -9.01047236823e-10 0 1 0 9.50000000045 0 0 1 -7.10228928291e-06
1 0 0 -1.03137276497e-09 0 1 0 9.59999999979 0 0 1 -7.2531811508e-06
1 0 0 -1.09931219683e-09 0 1 0 9.70000000086 0 0 1 -7.40421417245e-06
1 0 0 -1.10486464422e-09 0 1 0 9.80000000051 0 0 1 -7.55736245317e-06
1 0 0 -1.04803010714e-09 0 1 0 9.89999999992 0 0 1 -7.71188570337e-06
1 0 0 -1.26969634806e-09 0 1 0 9.99999999937 0 0 1 -7.86910958261e-06
1 0 0 -9.63314761293e-10 0 1 0 10.0999999998 0 0 1 -8.02789889676e-06
1 0 0 -1.06020792146e-09 0 1 0 10.2 0 0 1 -8.18713242534e-06
1 0 0 -1.09471409715e-09 0 1 0 10.2999999995 0 0 1 -8.34798768778e-06
1 0 0 -9.42059763531e-10 0 1 0 10.4000000003 0 0 1 -8.51173404381e-06
1 0 0 -1.19268017684e-09 0 1 0 10.5 0 0 1 -8.6764181404e-06
1 0 0 -9.77639302846e-10 0 1 0 10.5999999997 0 0 1 -8.8420329929e-06
1 0 0 -1.04109920684e-09 0 1 0 10.6999999999 0 0 1 -9.01010171006e-06
1 0 0 -1.04217212638e-09 0 1 0 10.8000000003 0 0 1 -9.17929863409e-06
1 0 0 -9.80858505528e-10 0 1 0 10.8999999996 0 0 1 -9.3503640537e-06
1 0 0 -8.57158344303e-10 0 1 0 10.9999999994 0 0 1 -9.52231091667e-06
1 0 0 -1.07434550145e-09 0 1 0 11.0999999996 0 0 1 -9.69558343833e-06
1 0 0 -1.16675913375e-09 0 1 0 11.1999999996 0 0 1 -9.87135913633e-06
1 0 0 -1.1343996853e-09 0 1 0 11.3000000004 0 0 1 -1.00491444863e-05
1 0 0 -1.10203979276e-09 0 1 0 11.4000000004 0 0 1 -1.02274233607e-05
1 0 0 -1.00729291574e-09 0 1 0 11.5000000001 0 0 1 -1.04070772053e-05
1 0 0 -1.19104726082e-09 0 1 0 11.6000000003 0 0 1 -1.05891849156e-05
1 0 0 -9.09140318583e-10 0 1 0 11.7000000005 0 0 1 -1.077222338e-05
1 0 0 -9.05734598433e-10 0 1 0 11.8000000004 0 0 1 -1.0958209236e-05
1 0 0 -9.02328434194e-10 0 1 0 11.9000000006 0 0 1 -1.11439483286e-05
1 0 0 -1.23981003242e-09 0 1 0 11.9999999992 0 0 1 -1.13322468955e-05
1 0 0 -1.04924380295e-09 0 1 0 12.0999999995 0 0 1 -1.15216173722e-05
1 0 0 -1.19956533595e-09 0 1 0 12.1999999997 0 0 1 -1.17125602692e-05
1 0 0 -1.22511290002e-09 0 1 0 12.3000000002 0 0 1 -1.19057595809e-05
1 0 0 -1.1882739237e-09 0 1 0 12.4000000001 0 0 1 -1.21005806246e-05
1 0 0 -1.08904840701e-09 0 1 0 12.5000000001 0 0 1 -1.22965298761e-05
1 0 0 -9.27435905851e-10 0 1 0 12.5999999999 0 0 1 -1.24938540962e-05
1 0 0 -1.10671072306e-09 0 1 0 12.7 0 0 1 -1.26925039758e-05
1 0 0 -1.16121245952e-09 0 1 0 12.8000000008 0 0 1 -1.28931635048e-05
1 0 0 -1.15332721151e-09 0 1 0 12.9000000001 0 0 1 -1.30959382938e-05
1 0 0 -1.08305542312e-09 0 1 0 13 0 0 1 -1.32995945252e-05
1 0 0 -9.50396650268e-10 0 1 0 13.1000000001 0 0 1 -1.35043789644e-05
1 0 0 -1.0962390995e-09 0 1 0 13.2000000006 0 0 1 -1.37116172674e-05
1 0 0 -1.17969412017e-09 0 1 0 13.3000000001 0 0 1 -1.39207240677e-05
1 0 0 -1.20076304455e-09 0 1 0 13.4000000005 0 0 1 -1.41304655488e-05
1 0 0 -1.15944498447e-09 0 1 0 13.5000000003 0 0 1 -1.43418287619e-05
1 0 0 -9.30966415069e-10 0 1 0 13.6000000009 0 0 1 -1.4556329833e-05
1 0 0 -1.16814913298e-09 0 1 0 13.7000000004 0 0 1 -1.4770640437e-05
1 0 0 -1.21817134158e-09 0 1 0 13.8000000007 0 0 1 -1.49880888989e-05
1 0 0 -1.26819399426e-09 0 1 0 13.9000000002 0 0 1 -1.52060308851e-05
1 0 0 -1.25582966248e-09 0 1 0 14.0000000002 0 0 1 -1.54248543174e-05
1 0 0 -1.11869180586e-09 0 1 0 14.0999999998 0 0 1 -1.56464276886e-05
1 0 0 -9.19166964763e-10 0 1 0 14.1999999999 0 0 1 -1.5868882504e-05
1 0 0 -1.06052988613e-09 0 1 0 14.3000000007 0 0 1 -1.60924162138e-05
1 0 0 -1.07711972674e-09 0 1 0 14.4000000002 0 0 1 -1.63191933886e-05
1 0 0 -1.09370912327e-09 0 1 0 14.4999999994 0 0 1 -1.65462173278e-05
1 0 0 -8.607514701e-10 0 1 0 14.6000000019 0 0 1 -1.67760267527e-05
1 0 0 -1.21822862909e-09 0 1 0 14.6999999998 0 0 1 -1.70053634019e-05
1 0 0 -9.2288399145e-10 0 1 0 14.8000000001 0 0 1 -1.7237781611e-05
1 0 0 -9.68427560366e-10 0 1 0 14.9000000003 0 0 1 -1.74717722423e-05
1 0 0 -9.51583700726e-10 0 1 0 15.0000000002 0 0 1 -1.77071378431e-05
1 0 0 -8.72353744796e-10 0 1 0 15.1000000007 0 0 1 -1.79433848881e-05
1 0 0 -1.13401110724e-09 0 1 0 15.2000000007 0 0 1 -1.81814511171e-05
1 0 0 -8.67620197909e-10 0 1 0 15.3000000005 0 0 1 -1.84218230697e-05
1 0 0 -9.42117495129e-10 0 1 0 15.4000000006 0 0 1 -1.86635206827e-05
1 0 0 -9.54227807881e-10 0 1 0 15.4999999996 0 0 1 -1.89070867904e-05
1 0 0 -8.41564595788e-10 0 1 0 15.6000000002 0 0 1 -1.91521690223e-05
1 0 0 -1.06978870207e-09 0 1 0 15.7000000006 0 0 1 -1.93988236763e-05
1 0 0 -8.94738949597e-10 0 1 0 15.7999999993 0 0 1 -1.96462679298e-05
1 0 0 -9.98189975121e-10 0 1 0 15.8999999993 0 0 1 -1.98956725237e-05
1 0 0 -9.7686703171e-10 0 1 0 15.9999999999 0 0 1 -2.01470867678e-05
1 0 0 -8.93157547921e-10 0 1 0 16.0999999999 0 0 1 -2.04001227448e-05
1 0 0 -1.21272281106e-09 0 1 0 16.2000000001 0 0 1 -2.06533561729e-05
1 0 0 -1.00423980243e-09 0 1 0 16.3 0 0 1 -2.09088953254e-05
1 0 0 -1.13664411217e-09 0 1 0 16.3999999998 0 0 1 -2.11660069001e-05
1 0 0 -1.20666232561e-09 0 1 0 16.4999999994 0 0 1 -2.14244934451e-05
1 0 0 -1.15190657013e-09 0 1 0 16.5999999997 0 0 1 -2.16849896395e-05
1 0 0 -9.72377289798e-10 0 1 0 16.7000000003 0 0 1 -2.19477422485e-05
1 0 0 -1.1961227564e-09 0 1 0 16.8000000006 0 0 1 -2.22109390711e-05
1 0 0 -8.91819951221e-10 0 1 0 16.9000000003 0 0 1 -2.24766883816e-05
1 0 0 -9.28404908507e-10 0 1 0 16.9999999999 0 0 1 -2.27440101144e-05
1 0 0 -9.02602881325e-10 0 1 0 17.1000000005 0 0 1 -2.30119665279e-05
1 0 0 -1.21768861661e-09 0 1 0 17.2000000005 0 0 1 -2.32817421253e-05
1 0 0 -1.0047265242e-09 0 1 0 17.3000000004 0 0 1 -2.35538234472e-05
1 0 0 -1.19503873464e-09 0 1 0 17.3999999999 0 0 1 -2.38263489836e-05
1 0 0 -8.57303561475e-10 0 1 0 17.5000000001 0 0 1 -2.4100686721e-05
1 0 0 -1.26373045362e-09 0 1 0 17.6000000003 0 0 1 -2.43767943289e-05
1 0 0 -1.20449517027e-09 0 1 0 17.6999999997 0 0 1 -2.46543262188e-05
1 0 0 -9.58100265791e-10 0 1 0 17.7999999999 0 0 1 -2.49349959667e-05
1 0 0 -1.17736576044e-09 0 1 0 17.8999999998 0 0 1 -2.52149817221e-05
1 0 0 -1.20947163396e-09 0 1 0 18.0000000001 0 0 1 -2.54983520982e-05
1 0 0 -1.24157750747e-09 0 1 0 18.1 0 0 1 -2.57819692351e-05
1 0 0 -1.14891030023e-09 0 1 0 18.1999999998 0 0 1 -2.60680895519e-05
1 0 0 -9.93855664433e-10 0 1 0 18.3000000006 0 0 1 -2.63548445467e-05
1 0 0 -1.17968834701e-09 0 1 0 18.3999999996 0 0 1 -2.6644159016e-05
1 0 0 -8.37473201898e-10 0 1 0 18.5000000009 0 0 1 -2.69342986314e-05
1 0 0 -8.36146263339e-10 0 1 0 18.6000000012 0 0 1 -2.72265041961e-05
1 0 0 -1.23809407171e-09 0 1 0 18.7000000001 0 0 1 -2.75198942639e-05
1 0 0 -1.11199316422e-09 0 1 0 18.7999999995 0 0 1 -2.78150965283e-05
1 0 0 -8.61118287787e-10 0 1 0 18.9000000005 0 0 1 -2.81118149204e-05
1 0 0 -9.5113161791e-10 0 1 0 19.0000000006 0 0 1 -2.84105992581e-05
1 0 0 -1.04114494803e-09 0 1 0 19.1000000006 0 0 1 -2.87093835958e-05
1 0 0 -1.0063851974e-09 0 1 0 19.2000000006 0 0 1 -2.90106711098e-05
1 0 0 -8.46851477831e-10 0 1 0 19.3000000005 0 0 1 -2.9314461802e-05
1 0 0 -1.09059250519e-09 0 1 0 19.4000000009 0 0 1 -2.96182031807e-05
1 0 0 -1.271946104e-09 0 1 0 19.4999999998 0 0 1 -2.99240598185e-05
1 0 0 -8.62865334739e-10 0 1 0 19.6 0 0 1 -3.02326101007e-05
1 0 0 -1.26033317116e-09 0 1 0 19.6999999999 0 0 1 -3.05418020474e-05
1 0 0 -1.1297531799e-09 0 1 0 19.8000000005 0 0 1 -3.08528061943e-05
1 0 0 -8.74400107875e-10 0 1 0 19.9000000005 0 0 1 -3.11665602801e-05
