1 0 0 -1.27221029604e-09 0 1 0 -1.80642970525e-10 0 0 1 2.89089183159e-10
1 0 0 -1.12705497018e-09 0 1 0 0.202723788422 0 0 1 -2.65422853141e-09
1 0 0 -8.80509123946e-10 0 1 0 0.417811620452 0 0 1 -1.33204150488e-08
1 0 0 -1.07544717576e-09 0 1 0 0.650236958852 0 0 1 -3.40109354569e-08
1 0 0 -1.17839421554e-09 0 1 0 0.901733944242 0 0 1 -6.37257031588e-08
1 0 0 -1.02089647847e-09 0 1 0 1.17290723329 0 0 1 -1.08829761092e-07
1 0 0 -1.25834331843e-09 0 1 0 1.46396765459 0 0 1 -1.67190827183e-07
1 0 0 -1.03986325106e-09 0 1 0 1.77498872126 0 0 1 -2.47459145175e-07
1 0 0 -1.28770499819e-09 0 1 0 2.10599606697 0 0 1 -3.47233342191e-07
1 0 0 -1.04043207383e-09 0 1 0 2.45699862904 0 0 1 -4.74737815948e-07
1 0 0 -9.79325953665e-10 0 1 0 2.82799952214 0 0 1 -6.29412635345e-07
1 0 0 -8.87307671782e-10 0 1 0 3.21899983348 0 0 1 -8.16516068536e-07
1 0 0 -1.19628396078e-09 0 1 0 3.62999994225 0 0 1 -1.03653528649e-06
1 0 0 -1.04387709587e-09 0 1 0 4.06099998003 0 0 1 -1.29795585413e-06
1 0 0 -9.49176737208e-10 0 1 0 4.51199999385 0 0 1 -1.60219160028e-06
1 0 0 -1.09486397726e-09 0 1 0 4.98299999734 0 0 1 -1.95351661025e-06
1 0 0 -9.19457843196e-10 0 1 0 5.47399999941 0 0 1 -2.35739624976e-06
1 0 0 -1.04234687548e-09 0 1 0 5.9849999992 0 0 1 -2.81859709528e-06
1 0 0 -1.15159748404e-09 0 1 0 6.51600000026 0 0 1 -3.34103283972e-06
1 0 0 -9.97662175095e-10 0 1 0 7.06700000005 0 0 1 -3.93119041364e-06
1 0 0 -1.26231647357e-09 0 1 0 7.63799999991 0 0 1 -4.59122760876e-06
1 0 0 -1.10557873967e-09 0 1 0 8.22900000042 0 0 1 -5.329091183e-06
1 0 0 -1.1468372918e-09 0 1 0 8.84000000032 0 0 1 -6.14979447544e-06
1 0 0 -1.13654508027e-09 0 1 0 9.47099999944 0 0 1 -7.05834383918e-06
1 0 0 -9.78882308544e-10 0 1 0 10.1220000007 0 0 1 -8.06297532829e-06
1 0 0 -1.01473629499e-09 0 1 0 10.7930000005 0 0 1 -9.16748222934e-06
1 0 0 -8.69787353253e-10 0 1 0 11.4840000002 0 0 1 -1.03783870218e-05
1 0 0 -9.13876085917e-10 0 1 0 12.1950000002 0 0 1 -1.17044755825e-05
1 0 0 -9.59842427761e-10 0 1 0 12.926000001 0 0 1 -1.31491325295e-05
1 0 0 -1.03664055118e-09 0 1 0 13.6770000006 0 0 1 -1.4721298661e-05
1 0 0 -1.23561072485e-09 0 1 0 14.4479999999 0 0 1 -1.64268124614e-05
1 0 0 -9.95271420834e-10 0 1 0 15.2390000014 0 0 1 -1.82750875046e-05
1 0 0 -9.3501251186e-10 0 1 0 16.0500000015 0 0 1 -2.02726177054e-05
1 0 0 -1.08378639396e-09 0 1 0 16.8810000001 0 0 1 -2.24271100437e-05
1 0 0 -1.00488684041e-09 0 1 0 17.7320000006 0 0 1 -2.47449813919e-05
1 0 0 -1.13054188233e-09 0 1 0 18.6030000019 0 0 1 -2.72348764678e-05
1 0 0 -1.08642961294e-09 0 1 0 19.4940000005 0 0 1 -2.99062789111e-05
1 0 0 -1.18000631488e-09 0 1 0 20.4050000008 0 0 1 -3.27668819313e-05
1 0 0 -9.74563540979e-10 0 1 0 21.336000001 0 0 1 -3.5826310322e-05
1 0 0 -1.0271037354e-09 0 1 0 22.2870000008 0 0 1 -3.90902121001e-05
1 0 0 -1.17942011713e-09 0 1 0 23.2580000005 0 0 1 -4.256967887e-05
1 0 0 -1.27330590516e-09 0 1 0 24.2490000014 0 0 1 -4.62753087014e-05
1 0 0 -9.96827509425e-10 0 1 0 25.2600000013 0 0 1 -5.02144699759e-05
1 0 0 -1.06071507133e-09 0 1 0 26.2910000012 0 0 1 -5.43972742229e-05
1 0 0 -9.65871826963e-10 0 1 0 27.3420000007 0 0 1 -5.88337341494e-05
1 0 0 -1.01975494715e-09 0 1 0 28.4130000013 0 0 1 -6.35332703158e-05
1 0 0 -1.18893073164e-09 0 1 0 29.5040000018 0 0 1 -6.85054581986e-05
1 0 0 -8.49531112124e-10 0 1 0 30.6150000014 0 0 1 -7.37630604384e-05
1 0 0 -8.37058422576e-10 0 1 0 31.7460000015 0 0 1 -7.93134386399e-05
1 0 0 -9.93307658348e-10 0 1 0 32.8970000012 0 0 1 -8.51684246825e-05
1 0 0 -1.0976837217e-09 0 1 0 34.0680000014 0 0 1 -9.13399916218e-05
1 0 0 -1.05436903652e-09 0 1 0 35.2590000022 0 0 1 -9.7838102846e-05
1 0 0 -1.23320198497e-09 0 1 0 36.4700000015 0 0 1 -0.000104673271576
1 0 0 -8.23156653951e-10 0 1 0 37.7010000017 0 0 1 -0.000111859917737
1 0 0 -1.06301101255e-09 0 1 0 38.9520000029 0 0 1 -0.000119406340662
1 0 0 -9.25620469161e-10 0 1 0 40.2230000024 0 0 1 -0.00012732633936
1 0 0 -1.12171427702e-09 0 1 0 41.5140000022 0 0 1 -0.000135629285079
1 0 0 -1.24354215814e-09 0 1 0 42.8250000023 0 0 1 -0.000144331275774
1 0 0 -1.25766774772e-09 0 1 0 44.156000002 0 0 1 -0.000153441640158
1 0 0 -1.22199850239e-09 0 1 0 45.507000002 0 0 1 -0.000162975298668
1 0 0 -9.78332082013e-10 0 1 0 46.878000002 0 0 1 -0.000172943589668
1 0 0 -1.11261933e-09 0 1 0 48.2690000022 0 0 1 -0.000183359621392
1 0 0 -1.00099306621e-09 0 1 0 49.6800000028 0 0 1 -0.000194235416206
1 0 0 -1.10463815872e-09 0 1 0 51.1110000029 0 0 1 -0.000205587079041
1 0 0 -1.20296128614e-09 0 1 0 52.5620000038 0 0 1 -0.000217426336185
1 0 0 -1.20013865512e-09 0 1 0 54.033000003 0 0 1 -0.000229764878373
1 0 0 -8.42147684921e-10 0 1 0 55.5240000037 0 0 1 -0.000242622033255
1 0 0 -1.02687636172e-09 0 1 0 57.0350000032 0 0 1 -0.000256006501854
1 0 0 -1.28418520262e-09 0 1 0 58.5660000037 0 0 1 -0.000269934276513
1 0 0 -1.26870602912e-09 0 1 0 60.1170000032 0 0 1 -0.000284421560803
1 0 0 -1.16312115495e-09 0 1 0 61.6880000033 0 0 1 -0.000299480278446
1 0 0 -9.62950608141e-10 0 1 0 63.2790000038 0 0 1 -0.000315126971621
1 0 0 -1.12937748042e-09 0 1 0 64.8900000045 0 0 1 -0.00033137725174
1 0 0 -9.76147163101e-10 0 1 0 66.5210000037 0 0 1 -0.000348245749947
1 0 0 -9.64439195172e-10 0 1 0 68.1720000039 0 0 1 -0.000365746350301
1 0 0 -1.08978071012e-09 0 1 0 69.8430000047 0 0 1 -0.000383895841754
1 0 0 -1.00679642401e-09 0 1 0 71.534000005 0 0 1 -0.000402709934328
1 0 0 -1.17667298127e-09 0 1 0 73.2450000045 0 0 1 -0.000422204239442
1 0 0 -1.06688347046e-09 0 1 0 74.9760000045 0 0 1 -0.000442396617942
1 0 0 -1.26338406403e-09 0 1 0 76.7270000047 0 0 1 -0.000463300424819
1 0 0 -1.17125864563e-09 0 1 0 78.4980000045 0 0 1 -0.000484935882952
1 0 0 -8.48412895493e-10 0 1 0 80.2890000056 0 0 1 -0.00050731717247
1 0 0 -1.22169652172e-09 0 1 0 82.1000000042 0 0 1 -0.000530461194913
1 0 0 -8.27252932822e-10 0 1 0 83.9310000049 0 0 1 -0.000554385698521
1 0 0 -9.95207471988e-10 0 1 0 85.7820000042 0 0 1 -0.000579107782279
1 0 0 -1.13063691742e-09 0 1 0 87.6530000049 0 0 1 -0.000604645448178
1 0 0 -8.25796320214e-10 0 1 0 89.5440000057 0 0 1 -0.000631015781231
1 0 0 -1.28602550831e-09 0 1 0 91.4550000058 0 0 1 -0.000658236656236
1 0 0 -1.10986420054e-09 0 1 0 93.386000005 0 0 1 -0.000686327407642
1 0 0 -1.09937658976e-09 0 1 0 95.3370000055 0 0 1 -0.000715303738701
1 0 0 -1.18770060453e-09 0 1 0 97.3080000051 0 0 1 -0.000745184800387
1 0 0 -1.05842445919e-09 0 1 0 99.2990000063 0 0 1 -0.000775991542049
1 0 0 -1.23511512129e-09 0 1 0 101.310000005 0 0 1 -0.000807740667788
1 0 0 -1.06047437498e-09 0 1 0 103.341000005 0 0 1 -0.000840451554566
1 0 0 -1.2741807609e-09 0 1 0 105.392000006 0 0 1 -0.000874142020898
1 0 0 -1.2189360632e-09 0 1 0 107.463000005 0 0 1 -0.000908834898432
1 0 0 -1.23115029282e-09 0 1 0 109.554000006 0 0 1 -0.000944546821181
1 0 0 -1.11917941581e-09 0 1 0 111.665000006 0 0 1 -0.000981298456225
1 0 0 -1.03227648651e-09 0 1 0 113.796000006 0 0 1 -0.001019111056
1 0 0 -1.02834718518e-09 0 1 0 115.947000006 0 0 1 -0.00105800102155
1 0 0 -1.06947695144e-09 0 1 0 118.118000006 0 0 1 -0.00109799249638
1 0 0 -1.02641806166e-09 0 1 0 120.309000006 0 0 1 -0.00113910452587
1 0 0 -1.17319132187e-09 0 1 0 122.520000005 0 0 1 -0.00118135709308
1 0 0 -1.19337784099e-09 0 1 0 124.751000005 0 0 1 -0.00122477213446
1 0 0 -8.32958590991e-10 0 1 0 127.002000006 0 0 1 -0.00126937095177
1 0 0 -1.1724985427e-09 0 1 0 129.273000006 0 0 1 -0.00131517342948
1 0 0 -1.15142384516e-09 0 1 0 131.564000005 0 0 1 -0.00136220146148
1 0 0 -1.19748833072e-09 0 1 0 133.875000004 0 0 1 -0.00141047826057
1 0 0 -1.1814336176e-09 0 1 0 136.206000004 0 0 1 -0.0014600228721
1 0 0 -1.06535225086e-09 0 1 0 138.557000005 0 0 1 -0.00151085968637
1 0 0 -1.12326148383e-09 0 1 0 140.928000005 0 0 1 -0.00156301016704
1 0 0 -9.13978226436e-10 0 1 0 143.319000005 0 0 1 -0.00161649751992
1 0 0 -1.17718457204e-09 0 1 0 145.730000004 0 0 1 -0.00167134153762
1 0 0 -9.43643385654e-10 0 1 0 148.161000004 0 0 1 -0.00172756847196
1 0 0 -1.23154109133e-09 0 1 0 150.612000004 0 0 1 -0.00178519884209
1 0 0 -8.55528980992e-10 0 1 0 153.083000004 0 0 1 -0.00184425679831
1 0 0 -1.17467635619e-09 0 1 0 155.574000003 0 0 1 -0.00190476492575
1 0 0 -1.28213173411e-09 0 1 0 158.085000003 0 0 1 -0.00196674859475
1 0 0 -9.23883192172e-10 0 1 0 160.616000003 0 0 1 -0.00203022910708
1 0 0 -9.30938881538e-10 0 1 0 163.167000003 0 0 1 -0.00209523160032
1 0 0 -9.2450846978e-10 0 1 0 165.738000002 0 0 1 -0.00216178037293
1 0 0 -8.66670291089e-10 0 1 0 168.329000002 0 0 1 -0.00222989956845
1 0 0 -8.44302405767e-10 0 1 0 170.940000001 0 0 1 -0.00229961304812
1 0 0 -1.28513732989e-09 0 1 0 173.571 0 0 1 -0.00237094525853
1 0 0 -1.09517372948e-09 0 1 0 176.222 0 0 1 -0.00244392446116
1 0 0 -1.0140936979e-09 0 1 0 178.892999999 0 0 1 -0.00251857069539
1 0 0 -1.28248700548e-09 0 1 0 181.583999998 0 0 1 -0.00259491129891
1 0 0 -9.31116517222e-10 0 1 0 184.294999998 0 0 1 -0.00267297277031
1 0 0 -8.53397352785e-10 0 1 0 187.025999998 0 0 1 -0.00275277911895
1 0 0 -9.49022194163e-10 0 1 0 189.776999997 0 0 1 -0.00283435759067
1 0 0 -1.18009069183e-09 0 1 0 192.547999997 0 0 1 -0.00291773257581
1 0 0 -1.10540554488e-09 0 1 0 195.338999995 0 0 1 -0.00300293024131
1 0 0 -8.40785219225e-10 0 1 0 198.149999995 0 0 1 -0.00308997968776
1 0 0 -8.76369199432e-10 0 1 0 200.980999994 0 0 1 -0.00317890497382
1 0 0 -1.11185727292e-09 0 1 0 203.831999993 0 0 1 -0.00326973285185
1 0 0 -9.81287939794e-10 0 1 0 206.702999992 0 0 1 -0.00336248977111
1 0 0 -1.12851950007e-09 0 1 0 209.593999991 0 0 1 -0.00345720524082
1 0 0 -1.11237596911e-09 0 1 0 212.50499999 0 0 1 -0.00355390345388
1 0 0 -1.048661602e-09 0 1 0 215.435999989 0 0 1 -0.0036526157317
1 0 0 -8.99476049199e-10 0 1 0 218.386999988 0 0 1 -0.00375336646461
1 0 0 -8.43009217988e-10 0 1 0 221.357999987 0 0 1 -0.0038561855991
1 0 0 -1.24463639395e-09 0 1 0 224.348999985 0 0 1 -0.00396109870994
1 0 0 -9.47949274632e-10 0 1 0 227.359999984 0 0 1 -0.00406813666743
1 0 0 -1.06247455278e-09 0 1 0 230.390999983 0 0 1 -0.00417732632269
1 0 0 -9.59879287166e-10 0 1 0 233.441999981 0 0 1 -0.00428869747407
1 0 0 -1.22162191474e-09 0 1 0 236.512999981 0 0 1 -0.00440227804464
1 0 0 -8.78479511357e-10 0 1 0 239.603999979 0 0 1 -0.00451809700061
1 0 0 -9.15193254514e-10 0 1 0 242.714999977 0 0 1 -0.00463618369628
1 0 0 -1.04431308046e-09 0 1 0 245.845999976 0 0 1 -0.00475656802189
1 0 0 -1.1031531244e-09 0 1 0 248.996999974 0 0 1 -0.0048792781047
1 0 0 -1.08274633703e-09 0 1 0 252.167999972 0 0 1 -0.00500434653556
1 0 0 -1.28608235173e-09 0 1 0 255.35899997 0 0 1 -0.00513180026418
1 0 0 -9.60021395713e-10 0 1 0 258.569999969 0 0 1 -0.00526167035831
1 0 0 -1.02694741599e-09 0 1 0 261.800999966 0 0 1 -0.00539398853431
1 0 0 -1.26177468474e-09 0 1 0 265.051999964 0 0 1 -0.00552878330737
1 0 0 -8.4899909325e-10 0 1 0 268.322999962 0 0 1 -0.00566608662663
1 0 0 -1.23903731719e-09 0 1 0 271.61399996 0 0 1 -0.00580592814954
1 0 0 -1.15070974971e-09 0 1 0 274.924999958 0 0 1 -0.00594834100271
1 0 0 -1.16551035489e-09 0 1 0 278.255999955 0 0 1 -0.00609335483655
1 0 0 -1.27447208342e-09 0 1 0 281.606999953 0 0 1 -0.00624100199512
1 0 0 -1.25251631289e-09 0 1 0 284.97799995 0 0 1 -0.00639131272098
1 0 0 -9.65911794992e-10 0 1 0 288.368999948 0 0 1 -0.0065443208743
1 0 0 -1.05853814603e-09 0 1 0 291.779999945 0 0 1 -0.00670005670463
1 0 0 -9.93367166302e-10 0 1 0 295.210999943 0 0 1 -0.00685855313438
1 0 0 -9.48602973949e-10 0 1 0 298.661999939 0 0 1 -0.00701984159062
1 0 0 -1.13142561986e-09 0 1 0 302.132999936 0 0 1 -0.00718395750593
1 0 0 -8.51073878039e-10 0 1 0 305.623999934 0 0 1 -0.00735093106664
1 0 0 -9.67546043285e-10 0 1 0 309.13499993 0 0 1 -0.00752079536397
1 0 0 -1.00619956811e-09 0 1 0 312.665999927 0 0 1 -0.00769358367282
1 0 0 -8.33324520499e-10 0 1 0 316.216999923 0 0 1 -0.00786933133386
1 0 0 -9.68000790635e-10 0 1 0 319.787999919 0 0 1 -0.00804806986605
1 0 0 -1.27649002479e-09 0 1 0 323.378999916 0 0 1 -0.0082298333763
1 0 0 -9.4330232514e-10 0 1 0 326.989999912 0 0 1 -0.00841465554109
1 0 0 -1.04451203242e-09 0 1 0 330.620999909 0 0 1 -0.00860257130651
1 0 0 -1.23027632526e-09 0 1 0 334.271999904 0 0 1 -0.00879361391179
1 0 0 -8.38824121274e-10 0 1 0 337.9429999 0 0 1 -0.00898781976957
1 0 0 -1.25818644392e-09 0 1 0 341.633999895 0 0 1 -0.00918521917197
1 0 0 -1.23611698655e-09 0 1 0 345.344999892 0 0 1 -0.00938585245913
1 0 0 -8.88462636794e-10 0 1 0 349.075999887 0 0 1 -0.00958975144593
1 0 0 -8.25650658953e-10 0 1 0 352.826999882 0 0 1 -0.00979695274955
1 0 0 -9.13928488444e-10 0 1 0 356.597999877 0 0 1 -0.0100074917108
1 0 0 -1.14435749765e-09 0 1 0 360.388999872 0 0 1 -0.0102214014138
1 0 0 -1.19604237625e-09 0 1 0 364.199999867 0 0 1 -0.0104387208309
1 0 0 -9.97630422717e-10 0 1 0 368.030999861 0 0 1 -0.0106594841745
1 0 0 -1.15954890134e-09 0 1 0 371.881999856 0 0 1 -0.0108837283086
1 0 0 -1.02002672975e-09 0 1 0 375.752999851 0 0 1 -0.0111114913731
1 0 0 -1.03577235677e-09 0 1 0 379.643999845 0 0 1 -0.0113428055216
1 0 0 -8.23504819891e-10 0 1 0 383.554999838 0 0 1 -0.0115777108545
1 0 0 -9.93637172542e-10 0 1 0 387.485999832 0 0 1 -0.0118162437421
1 0 0 -9.46783984546e-10 0 1 0 391.436999826 0 0 1 -0.0120584416897
1 0 0 -9.52496748141e-10 0 1 0 395.40799982 0 0 1 -0.0123043394952
1 0 0 -1.09315578811e-09 0 1 0 399.398999813 0 0 1 -0.0125539778088
1 0 0 -1.17265130939e-09 0 1 0 403.409999806 0 0 1 -0.0128073918657
1 0 0 -1.27333521505e-09 0 1 0 407.440999799 0 0 1 -0.0130646220691
1 0 0 -1.19911192087e-09 0 1 0 411.491999791 0 0 1 -0.0133257043947
1 0 0 -9.69976099441e-10 0 1 0 415.562999784 0 0 1 -0.0135906791402
1 0 0 -9.17850684345e-10 0 1 0 419.653999777 0 0 1 -0.0138595817025
1 0 0 -1.00034469597e-09 0 1 0 423.764999769 0 0 1 -0.0141324537545
1 0 0 -9.58962687037e-10 0 1 0 427.895999762 0 0 1 -0.0144093316596
1 0 0 -9.38456423683e-10 0 1 0 432.046999753 0 0 1 -0.014690256667
