0,0,0
0.1,8.25600983563e-13,9.16544924123e-08
0.2,-3.39206283181e-07,0.271293929747
0.3,-1.84809870666e-07,0.522590506219
0.4,-1.22715888254e-07,0.783642389736
0.5,-9.76339327453e-08,1.06055361278
0.6,-8.67615705277e-08,1.35539401236
0.7,-8.03793977656e-08,1.66904816244
0.8,-7.46352829556e-08,2.00195632537
0.9,-6.79199722288e-08,2.35436385508
1,-6.04148141571e-08,2.72641984031
1.1,-5.30592041784e-08,3.11822105537
1.2,-4.74294194153e-08,3.5298335237
1.3,-4.4852290383e-08,3.96130399419
1.4,-4.68584745395e-08,4.41266649131
1.5,-5.48020506127e-08,4.8839462834
1.6,-6.94043588744e-08,5.3751624162
1.7,-9.13001631025e-08,5.88632939775
1.8,-1.20521467567e-07,6.41745836425
1.9,-1.56604020026e-07,6.96855790654
2,-1.99097411123e-07,7.53963467422
2.1,-2.46828434156e-07,8.13069382328
2.2,-2.9879162496e-07,8.7417393537
2.3,-3.53718634167e-07,9.37277436807
2.4,-4.10277034244e-07,10.0238012715
2.5,-4.67362912075e-07,10.6948219247
2.6,-5.23770259118e-07,11.3858377658
2.7,-5.78662911626e-07,12.0968499048
2.8,-6.31278522693e-07,12.8278591968
2.9,-6.81087923649e-07,13.5788662992
3,-7.27819769302e-07,14.3498717177
3.1,-7.71114081122e-07,15.140875841
3.2,-8.11163786058e-07,15.9518789668
3.3,-8.48267313503e-07,16.7828813236
3.4,-8.82563684571e-07,17.6338830877
3.5,-9.1450432381e-07,18.5048843943
3.6,-9.44333738425e-07,19.3958853468
3.7,-9.72474164338e-07,20.3068860259
3.8,-9.99071328063e-07,21.2378864933
3.9,-1.02456382717e-06,22.1888867971
4,-1.04920512778e-06,23.1598869745
4.1,-1.07310496131e-06,24.1508870545
4.2,-1.0961876447e-06,25.1618870597
4.3,-1.1187731345e-06,26.1928870075
4.4,-1.1408181404e-06,27.2438869117
4.5,-1.16244777281e-06,28.3148867835
4.6,-1.18372218546e-06,29.4058866313
4.7,-1.20435094692e-06,30.5168864614
4.8,-1.22457632335e-06,31.6478862793
4.9,-1.2444763991e-06,32.798886089
5,-1.26398326382e-06,33.9698858938
5.1,-1.28299983863e-06,35.1608856963
5.2,-1.30165910953e-06,36.3718854981
5.3,-1.31962350071e-06,37.6028853009
5.4,-1.33733355859e-06,38.8538851061
5.5,-1.35453796719e-06,40.1248849141
5.6,-1.37145094637e-06,41.4158847255
5.7,-1.38799755916e-06,42.726884541
5.8,-1.40411136637e-06,44.0578843608
5.9,-1.41978402098e-06,45.408884185
6,-1.43493132778e-06,46.7798840139
6.1,-1.44982008221e-06,48.1708838475
6.2,-1.46429146929e-06,49.5818836859
6.3,-1.47849181048e-06,51.0128835289
6.4,-1.49239874479e-06,52.4638833767
6.5,-1.50594596109e-06,53.9348832286
6.6,-1.51895625974e-06,55.4258830851
6.7,-1.53180934412e-06,56.9368829455
6.8,-1.5444981632e-06,58.4678828102
6.9,-1.5568261226e-06,60.0188826786
7,-1.56876740594e-06,61.5898825509
7.1,-1.58030995771e-06,63.1808824271
7.2,-1.59170454847e-06,64.7918823069
7.3,-1.60273924417e-06,66.4228821899
7.4,-1.61353094451e-06,68.0738820762
7.5,-1.62415562279e-06,69.744881966
7.6,-1.63447221765e-06,71.4358818588
7.7,-1.64464467523e-06,73.1468817545
7.8,-1.65448725291e-06,74.877881653
7.9,-1.66420532093e-06,76.6288815544
8,-1.67360531956e-06,78.3998814584
8.1,-1.68259781498e-06,80.1908813652
8.2,-1.69164499484e-06,82.0018812741
8.3,-1.70023406e-06,83.8328811857
8.4,-1.70877306595e-06,85.6838810995
8.5,-1.71719723338e-06,87.5548810158
8.6,-1.72523574475e-06,89.4458809344
8.7,-1.73338770004e-06,91.3568808551
8.8,-1.74119402929e-06,93.2878807777
8.9,-1.74880611809e-06,95.2388807025
9,-1.75629003026e-06,97.2098806291
9.1,-1.76351330279e-06,99.2008805578
9.2,-1.77068533293e-06,101.211880488
9.3,-1.77757481431e-06,103.24288042
9.4,-1.78444793473e-06,105.293880354
9.5,-1.79110887408e-06,107.36488029
9.6,-1.79762029612e-06,109.455880227
9.7,-1.8039184385e-06,111.566880166
9.8,-1.81004923504e-06,113.697880107
9.9,-1.81607733362e-06,115.848880048
10,0.557943800873,118.019879733
10.1,0.888641007064,120.20282275
10.2,1.07025606286,122.407641774
10.3,1.15019407521,124.639773706
10.4,1.1642639129,126.897452948
10.5,0.591322334563,129.205138792
10.6,0.242100603123,131.497765417
10.7,0.0232341525314,133.797828121
10.8,-0.101348530697,136.118883787
10.9,-0.152555954089,138.466143953
11,-0.155521732736,140.838488995
11.1,-0.133257667084,143.23234648
11.2,-0.100766955922,145.645208521
11.3,-0.0666717473159,148.076304091
11.4,-0.0360851748544,150.525937291
11.5,-0.0117898279313,152.994808813
11.6,0.00534417258693,155.483572464
11.7,0.0158489429195,157.992631137
11.8,0.0210075364824,160.522127313
11.9,0.0222988031206,163.07203348
12,0.0210694344367,165.642252396
12.1,0.0184040619395,168.232683319
12.2,0.0151073663847,170.843250574
12.3,0.0117326985752,173.473907463
12.4,0.00862563671732,176.124629169
12.5,0.00597058404377,178.795403552
12.6,0.00383536998908,181.486223986
12.7,0.0022106015767,184.197085252
12.8,0.00104164335831,186.927981887
12.9,0.000252504398979,189.678907993
13,-0.000237838774143,192.449857647
13.1,-0.000505389592245,195.240825376
13.2,-0.000615811339295,198.051806472
13.3,-0.00062239517181,200.882797118
13.4,-0.000566124811654,203.733794353
13.5,-0.000476935175199,206.604795964
13.6,-0.000375525469452,209.495800336
13.7,-0.000275301503962,212.40680632
13.8,-0.000184196013175,215.337813113
13.9,-0.000106234181872,218.288820162
14,-4.27980964956e-05,221.2598271
14.1,6.40483879753e-06,224.25083369
14.2,4.26363331755e-05,227.261839791
14.3,6.76346446924e-05,230.29284533
14.4,8.32924255706e-05,233.343850278
14.5,9.14563557446e-05,236.414854643
14.6,9.38160871334e-05,239.50585845
14.7,9.18495481302e-05,242.616861738
14.8,8.68079366702e-05,245.747864554
14.9,7.97217352995e-05,248.898866949
15,7.14186724973e-05,252.06986897
15.1,6.25469847286e-05,255.260870665
15.2,5.36009144773e-05,258.471872079
15.3,4.49435900809e-05,261.70287325
15.4,3.68300524907e-05,264.953874216
15.5,2.94273329517e-05,268.224875008
15.6,2.28304201987e-05,271.515875653
15.7,1.70793730091e-05,274.826876176
15.8,1.21710078414e-05,278.157876597
15.9,8.07057904169e-06,281.508876934
16,4.72132755441e-06,284.879877202
16.1,2.0522174467e-06,288.270877413
16.2,-1.61254247591e-08,291.681877577
16.3,-1.56548054519e-06,295.112877704
16.4,-2.67665787057e-06,298.5638778
16.5,-3.42655878294e-06,302.034877872
16.6,-3.88560198772e-06,305.525877924
16.7,-4.11751106094e-06,309.036877961
16.8,-4.17767442214e-06,312.567877985
16.9,-4.11331364748e-06,316.118878
17,-3.96409261923e-06,319.689878007
17.1,-3.7620971653e-06,323.280878008
17.2,-3.53216499021e-06,326.891878005
17.3,-3.29393389362e-06,330.522877998
17.4,-3.06155889603e-06,334.173877989
17.5,-2.8444649925e-06,337.844877977
17.6,-2.64945620327e-06,341.535877964
17.7,-2.47957821568e-06,345.246877951
17.8,-2.33588935553e-06,348.977877936
17.9,-2.21824962647e-06,352.728877922
18,-2.12521462843e-06,356.499877906
18.1,-2.05455553006e-06,360.290877891
18.2,-2.00341319834e-06,364.101877875
18.3,-1.9687703702e-06,367.93287786
18.4,-1.94802852457e-06,371.783877845
18.5,-1.9382568897e-06,375.654877829
18.6,-1.93709554916e-06,379.545877814
18.7,-1.94220335387e-06,383.456877799
18.8,-1.95194869181e-06,387.387877784
18.9,-1.96456742809e-06,391.338877769
19,-1.97881129766e-06,395.309877754
19.1,-1.99374126689e-06,399.300877739
19.2,-2.00852349821e-06,403.311877724
19.3,-2.02260945668e-06,407.34287771
19.4,-2.03551859721e-06,411.393877695
19.5,-2.04697443096e-06,415.46487768
19.6,-2.05703481757e-06,419.555877666
19.7,-2.06576524633e-06,423.666877651
19.8,-2.07311533246e-06,427.797877637
19.9,-2.0791988422e-06,431.948877622
