0,0,0
0.1,-2.09389760847e-10,8.99900728935e-08
0.2,0.00130931603991,0.255151486738
0.3,0.00507080239884,0.47328140667
0.4,0.0106205409286,0.682233039808
0.5,0.0181370786003,0.887406657977
0.6,0.0276922593619,1.09060998915
0.7,0.0393155090833,1.29261600821
0.8,0.053019318163,1.49380641422
0.9,0.0688086806646,1.69438740106
1,0.0866849171365,1.89447642019
1.1,0.106647384576,2.09414182142
1.2,0.128694316592,2.29342280118
1.3,0.152823271359,2.49234023853
1.4,0.17903136909,2.69090296978
1.5,0.207315427036,2.88911161921
1.6,0.23767203361,3.08696105332
1.7,0.270097579426,3.28444201012
1.8,0.304588277895,3.48154222121
1.9,0.341140162489,3.67824720206
2,0.379749087305,3.87454082123
2.1,0.420410720093,4.07040571662
2.2,0.463120536807,4.26582360592
2.3,0.507873816116,4.46077551633
2.4,0.554665631311,4.65524196039
2.5,0.603490848581,4.84920306812
2.6,0.654344122075,5.04263868827
2.7,0.707219891412,5.23552846796
2.8,0.762112379546,5.42785191269
2.9,0.819015590695,5.61958843448
3,0.877923309349,5.81071738949
3.1,0.938829099575,6.00121810792
3.2,1.00172630457,6.19106991735
3.3,1.0666080475,6.3802521623
3.4,1.1334672313,6.56874421928
3.5,1.20229653958,6.75652550898
3.6,1.27308843661,6.94357550698
3.7,1.34583516853,7.12987375199
3.8,1.42052876565,7.3153998512
3.9,1.49716104282,7.50013348818
4,1.57572359952,7.68405442623
4.1,1.65620782338,7.86714251283
4.2,1.7386048896,8.04937768297
4.3,1.82290576314,8.23073996272
4.4,1.90910119949,8.411209472
4.5,1.99718174543,8.59076642743
4.6,2.08713774145,8.76939114431
4.7,2.17895932269,8.94706403948
4.8,2.27263641843,9.12376563319
4.9,2.36815875539,9.29947655247
5,2.46551585809,9.47417753168
5.1,2.56469704935,9.64784941559
5.2,2.66569145308,9.8204731621
5.3,2.76848799314,9.99202984303
5.4,2.87307539641,10.1625006469
5.5,2.97944219454,10.3318668816
5.6,3.0875767227,10.5001099756
5.7,3.19746712247,10.6672114805
5.8,3.30910134415,10.8331530722
5.9,3.422467146,10.9979165546
6,3.53755209528,11.1614838597
6.1,3.65434357335,11.3238370515
6.2,3.77282877223,11.4849583263
6.3,3.89299469867,11.6448300159
6.4,2.54255181397,12.9267773441
6.5,3.06344282926,12.7896225089
6.6,3.47100403707,12.7509729573
6.7,3.81680362134,12.755584395
6.8,4.1129595243,12.7886539549
6.9,4.36812139826,12.8440169205
7,4.59026681434,12.918214416
7.1,4.78720721691,13.0082924346
7.2,4.96598652573,13.1113984547
7.3,5.13233944326,13.2248557447
7.4,5.29059240901,13.3462538994
7.5,5.44382688122,13.4734904575
7.6,5.59412380891,13.6047886898
7.7,5.74282079744,13.7386967431
7.8,5.89075480471,13.8740593254
7.9,6.03846415822,14.0099709131
8,6.18633003885,14.1457307878
8.1,6.33465608857,14.2808092263
8.2,6.4837014287,14.4148205434
8.3,6.6336877292,14.5474964215
8.4,6.78479686509,14.6786578907
8.5,6.93716838553,14.8081885905
8.6,7.09090005341,14.9360126892
8.7,7.24605148329,15.0620792451
8.8,7.40264983149,15.1863527596
8.9,7.56069644116,15.3088083514
9,7.72017359332,15.4294296346
9.1,7.88105077232,15.548207698
9.2,8.04329001555,15.6651401958
9.3,8.20685012067,15.7802301361
9.4,8.37168964616,15.893484348
9.5,8.53776881784,16.0049118105
9.6,8.70505053864,16.1145220507
9.7,8.87350075489,16.2223237956
9.8,9.04308840716,16.3283239641
9.9,9.21378515569,16.4325270276
10,9.38556501074,16.5349347028
10.1,9.55840394492,16.6355459236
10.2,9.73227953116,16.7343570145
10.3,9.90717061873,16.8313619979
10.4,10.0830570488,16.9265529747
10.5,10.2599194077,17.019920528
10.6,10.4377388122,17.1114541171
10.7,10.6164967239,17.20114244
10.8,10.7961747907,17.2889737453
10.9,10.9767547139,17.3749360978
11,11.1582181423,17.4590175878
11.1,11.3405465893,17.5412064958
11.2,11.5237213746,17.6214914124
11.3,11.7077235854,17.6998613228
11.4,11.8925340551,17.776305659
11.5,11.3836632124,19.5675599567
11.6,11.7618895326,19.1839914198
11.7,12.0928430351,18.9431878052
11.8,12.392699372,18.7711273624
11.9,12.664368692,18.6488425546
12,12.9121402841,18.566604133
12.1,13.1410930952,18.5173869832
12.2,13.3564323038,18.494699021
12.3,13.562764285,18.4925030202
12.4,13.7636653958,18.505552832
12.5,13.9616374041,18.529545606
12.6,14.1582650035,18.5610921245
12.7,14.3544354688,18.5976072595
12.8,14.5505613669,18.6371689087
12.9,14.7467756578,18.6783632934
13,14.943081321,18.7201408138
13.1,15.1394498536,18.7617067482
13.2,15.3358725913,18.8024525705
13.3,15.5323755993,18.8419159939
13.4,15.7290123545,18.8797541827
13.5,15.925847564,18.9157207452
13.6,16.122941413,18.9496441466
13.7,16.320338804,18.9814086865
13.8,16.5180645399,19.0109394354
13.9,16.7161234179,19.0381913757
14,16.9145035045,19.0631419412
14.1,17.1131808756,19.0857857485
14.2,17.3121244922,19.106130495
14.3,17.5113003374,19.1241934065
14.4,17.7106744096,19.1399980139
14.5,17.9102145079,19.1535712797
14.6,17.9751477212,21.0117737512
14.7,18.2182677438,20.5294146031
14.8,18.4599954269,20.1960360781
14.9,18.6931175513,19.9376893082
15,18.9144642095,19.7352532187
15.1,19.1251095323,19.5780542531
15.2,19.3277531058,19.4579245658
15.3,19.5254110342,19.3672228514
15.4,19.72068594,19.2988730584
15.5,19.9154430073,19.2467948883
15.6,20.1107975647,19.2060962901
15.7,20.307246824,19.173034058
15.8,20.504847293,19.1448597851
15.9,20.7033916884,19.1196166414
16,20.902555404,19.0959241091
16.1,21.1020003481,19.0727879709
16.2,21.3014384692,19.0494630571
16.3,21.5006612461,19.0253719432
16.4,21.6995421462,19.00006337
16.5,21.8980211453,18.973190227
16.6,22.0960814785,18.9444936079
16.7,22.2937270796,18.9137877019
16.8,22.490965632,18.8809452586
16.9,22.6877986991,18.8458847715
17,22.8842180565,18.8085600418
17.1,23.0802062984,18.7689519658
17.2,23.2757396694,18.7270619609
17.3,23.4707914698,18.6829064677
17.4,23.6653349674,18.6365122097
17.5,23.8593453254,18.5879121288
17.6,24.0528004726,18.5371420318
17.7,24.2456811206,18.4842379888
17.8,24.437970227,18.429234474
17.9,24.6296522064,18.3721631715
18,24.8207121233,18.3130523313
18.1,25.0111350052,18.2519265421
18.2,25.2009053521,18.1888068048
18.3,25.3900068461,18.1237107992
18.4,25.5784222308,18.0566532706
18.5,25.7661333258,17.9876464729
18.6,25.9531211255,17.9167006324
18.7,26.1393659391,17.8438243979
18.8,26.3248475505,17.7690252624
18.9,26.5095453718,17.692309941
19,26.6934385789,17.6136846973
19.1,26.876506227,17.5331556181
19.2,27.0587273448,17.4507288351
19.3,27.2400810062,17.3664106949
19.4,27.4205463851,17.2802078859
19.5,27.6001027951,17.1921275237
19.6,27.7787297181,17.1021772025
19.7,27.9564068246,17.0103650213
19.8,28.1331139835,16.9166995871
19.9,28.3088312682,16.8211900011
