0,-1.27221029604e-09,-1.80642970525e-10
0.1,-9.66996559215e-10,0.201361894397
0.2,-1.12241914374e-09,0.408905809528
0.3,-1.14097947757e-09,0.625118479357
0.4,-1.09682782301e-09,0.8508669723
0.5,-9.99317434358e-10,1.08645361646
0.6,-9.4331242817e-10,1.33198382694
0.7,-1.17067550098e-09,1.5874943615
0.8,-8.39127378693e-10,1.8529980343
0.9,-9.58513879379e-10,2.12849931443
1,-9.52630085926e-10,2.41399976161
1.1,-1.16412079976e-09,2.70949991651
1.2,-1.1873111383e-09,3.01499997132
1.3,-1.10458353575e-09,3.33049999073
1.4,-8.49071812858e-10,3.6559999969
1.5,-1.25627896974e-09,3.99149999904
1.6,-1.11638143174e-09,4.33699999994
1.7,-9.23994436519e-10,4.69249999983
1.8,-1.08239217589e-09,5.05800000003
1.9,-1.12591336254e-09,5.43350000017
2,-9.92171678149e-10,5.81900000001
2.1,-8.9728069419e-10,6.21450000094
2.2,-8.41240854754e-10,6.62000000018
2.3,-1.04016617541e-09,7.03550000031
2.4,-1.09078190924e-09,7.46100000041
2.5,-8.68314975477e-10,7.89650000039
2.6,-9.29766708069e-10,8.34200000074
2.7,-1.12141052e-09,8.79749999992
2.8,-9.4415097962e-10,9.26300000036
2.9,-8.63650484462e-10,9.73850000044
3,-1.28318289327e-09,10.2240000003
3.1,-1.02187902584e-09,10.7195000014
3.2,-1.0110605686e-09,11.2250000009
3.3,-1.06356790042e-09,11.7405000005
3.4,-9.92240511977e-10,12.2660000002
3.5,-1.13796616574e-09,12.8015000012
3.6,-9.7269703403e-10,13.3470000004
3.7,-1.17820775358e-09,13.9025000003
3.8,-1.22645094081e-09,14.4680000005
3.9,-8.67879546007e-10,15.0435000002
4,-9.09042174868e-10,15.6290000006
4.1,-1.28755184292e-09,16.2245000002
4.2,-8.22539814038e-10,16.8300000002
4.3,-1.12710374367e-09,17.4455000017
4.4,-8.66645422093e-10,18.0710000012
4.5,-1.12621556525e-09,18.7065000005
4.6,-1.2529932647e-09,19.3520000006
4.7,-1.12220366333e-09,20.007500001
4.8,-1.01234931549e-09,20.6730000009
4.9,-1.20192922282e-09,21.3485000011
5,-1.16289733398e-09,22.0340000006
5.1,-9.24205600938e-10,22.7295000014
5.2,-1.01390273954e-09,23.4350000008
5.3,-1.05766861935e-09,24.1505000009
5.4,-9.93116699988e-10,24.8760000012
5.5,-1.03635944271e-09,25.611500001
5.6,-9.37851574179e-10,26.3570000018
5.7,-1.10086606497e-09,27.1125000012
5.8,-1.27585675358e-09,27.878
5.9,-1.08850262137e-09,28.653500001
6,-9.42078415278e-10,29.4390000016
6.1,-1.17747234185e-09,30.2345000016
6.2,-1.01708774736e-09,31.0400000016
6.3,-1.1427010449e-09,31.8555000012
6.4,-9.01490437855e-10,32.6810000014
6.5,-9.7523145115e-10,33.5165000015
6.6,-8.35876257099e-10,34.3620000013
6.7,-9.15653330935e-10,35.2175000016
6.8,-1.15217346774e-09,36.0830000022
6.9,-8.92619311799e-10,36.9585000016
7,-1.22203580588e-09,37.8440000005
7.1,-9.59557766578e-10,38.7395000019
7.2,-8.49345482834e-10,39.6450000012
7.3,-9.82739223332e-10,40.5605000018
7.4,-1.23496590732e-09,41.4860000024
7.5,-9.53203738163e-10,42.421500002
7.6,-1.16011555917e-09,43.3670000016
7.7,-1.20288135008e-09,44.3225000008
7.8,-1.23522525541e-09,45.2880000017
7.9,-1.00760289001e-09,46.2635000016
8,-1.20179066698e-09,47.2490000024
8.1,-1.16496323699e-09,48.2445000021
8.2,-9.26076992869e-10,49.2500000022
8.3,-8.88405793376e-10,50.2655000012
8.4,-1.08090425499e-09,51.2910000018
8.5,-8.50748804737e-10,52.3265000017
8.6,-1.22060406227e-09,53.3720000018
8.7,-1.13437437221e-09,54.4275000016
8.8,-1.08667386201e-09,55.4930000022
8.9,-8.27954593774e-10,56.568500003
9,-1.10238040918e-09,57.6540000024
9.1,-1.06996900229e-09,58.7495000022
9.2,-8.84448070337e-10,59.8550000028
9.3,-1.22759047372e-09,60.9705000019
9.4,-1.25941745921e-09,62.0960000032
9.5,-8.55154169699e-10,63.2315000028
9.6,-9.12690367727e-10,64.3770000026
9.7,-1.12009246322e-09,65.5325000029
9.8,-9.49311740328e-10,66.6980000024
9.9,-1.11107745226e-09,67.8735000027
10,-1.20211396393e-09,69.0590000025
10.1,-1.1266045874e-09,70.2545000023
10.2,-1.10066267212e-09,71.4600000032
10.3,-1.21562493405e-09,72.6755000028
10.4,-8.81062334201e-10,73.9010000032
10.5,-8.70088001648e-10,75.136500003
10.6,-9.9553787436e-10,76.382000003
10.7,-1.00787289625e-09,77.6375000024
10.8,-8.73651373468e-10,78.903000003
10.9,-1.27465682453e-09,80.1785000028
11,-1.0300134079e-09,81.4640000028
11.1,-1.03761621517e-09,82.7595000022
11.2,-8.607514701e-10,84.0650000032
11.3,-8.40309155592e-10,85.380500003
11.4,-1.00524744084e-09,86.7060000038
11.5,-1.04362740672e-09,88.041500004
11.6,-9.84407222404e-10,89.3870000031
11.7,-9.81309256076e-10,90.7425000027
11.8,-1.06328812421e-09,92.108000003
11.9,-9.80797665306e-10,93.4835000034
12,-1.16607168366e-09,94.8690000023
12.1,-9.03892072301e-10,96.2645000037
12.2,-1.15453957505e-09,97.6700000025
12.3,-1.14042109089e-09,99.0855000027
12.4,-1.2313776665e-09,100.511000003
12.5,-1.24024523984e-09,101.946500002
12.6,-1.13359632792e-09,103.392000004
12.7,-1.0651532989e-09,104.847500003
12.8,-1.06387076926e-09,106.313000003
12.9,-8.80202577491e-10,107.788500002
13,-1.22487975318e-09,109.274000003
13.1,-9.79419212399e-10,110.769500003
13.2,-1.04170538862e-09,112.275000003
13.3,-1.16219567303e-09,113.790500002
13.4,-1.24507337773e-09,115.316000002
13.5,-9.7839603086e-10,116.851500002
13.6,-1.19767307183e-09,118.397000002
13.7,-1.18769349911e-09,119.952500002
13.8,-8.52637072057e-10,121.518000002
13.9,-8.74283756502e-10,123.093500001
14,-1.15680620638e-09,124.679000001
14.1,-9.22618426102e-10,126.274500002
14.2,-1.06960129642e-09,127.880000001
14.3,-1.09866249431e-09,129.495500001
14.4,-1.16353504609e-09,131.121000001
14.5,-1.2307808106e-09,132.756500001
14.6,-8.63693117026e-10,134.402000001
14.7,-1.02254915646e-09,136.057500001
14.8,-8.6736662297e-10,137.723000001
14.9,-8.30372215432e-10,139.3985
15,-8.78138450844e-10,141.084
15.1,-1.10200204517e-09,142.779499999
15.2,-9.40474365052e-10,144.485
15.3,-1.07534248173e-09,146.200499999
15.4,-1.22362564525e-09,147.925999999
15.5,-1.13576703598e-09,149.661499999
15.6,-1.24401111634e-09,151.406999998
15.7,-1.04924424704e-09,153.162499998
15.8,-9.21318132896e-10,154.927999998
15.9,-1.01396580021e-09,156.703499998
16,-8.90466367309e-10,158.488999998
16.1,-1.19916876429e-09,160.284499997
16.2,-1.22486909504e-09,162.089999996
16.3,-1.27501920133e-09,163.905499997
16.4,-1.03768371673e-09,165.730999995
16.5,-1.22359011812e-09,167.566499995
16.6,-9.92756099549e-10,169.411999996
16.7,-8.3980467025e-10,171.267499994
16.8,-1.00979491435e-09,173.132999995
16.9,-1.12841291866e-09,175.008499994
17,-1.16222054203e-09,176.893999993
17.1,-1.01540109654e-09,178.789499994
17.2,-1.12017772835e-09,180.694999992
17.3,-1.10223652428e-09,182.610499991
17.4,-1.14425091624e-09,184.535999991
17.5,-8.71914096479e-10,186.47149999
17.6,-1.1207106354e-09,188.41699999
17.7,-1.05067243794e-09,190.372499989
17.8,-1.18536291893e-09,192.337999989
17.9,-8.7196383447e-10,194.313499988
18,-8.83588313627e-10,196.298999988
18.1,-1.12441256306e-09,198.294499986
18.2,-1.03296571297e-09,200.299999986
18.3,-9.79078151886e-10,202.315499986
18.4,-9.91711601728e-10,204.340999985
18.5,-9.75042269147e-10,206.376499984
18.6,-8.33253466226e-10,208.421999983
18.7,-1.21468701764e-09,210.477499983
18.8,-1.06324193894e-09,212.542999981
18.9,-1.24338583873e-09,214.61849998
19,-9.7750785244e-10,216.703999981
19.1,-1.16351372981e-09,218.799499979
19.2,-1.05274722273e-09,220.904999978
19.3,-1.07744568822e-09,223.020499977
19.4,-1.14179243837e-09,225.145999976
19.5,-1.21234222661e-09,227.281499974
19.6,-1.06851416604e-09,229.426999974
19.7,-1.14253140282e-09,231.582499973
19.8,-8.72915961736e-10,233.747999972
19.9,-9.70388214228e-10,235.923499971
