1 0 0 -1.27221029604e-09 0 1 0 -1.80642970525e-10 0 0 1 2.89089183159e-10
1 0 0 -9.66996559215e-10 0 1 0 0.201361894397 0 0 1 -2.87408097321e-09
1 0 0 -1.12241914374e-09 0 1 0 0.408905809528 0 0 1 -1.28742247141e-08
1 0 0 -1.14097947757e-09 0 1 0 0.625118479357 0 0 1 -2.98680379873e-08
1 0 0 -1.09682782301e-09 0 1 0 0.8508669723 0 0 1 -5.60383318637e-08
1 0 0 -9.99317434358e-10 0 1 0 1.08645361646 0 0 1 -9.28753173257e-08
1 0 0 -9.4331242817e-10 0 1 0 1.33198382694 0 0 1 -1.39284705658e-07
1 0 0 -1.17067550098e-09 0 1 0 1.5874943615 0 0 1 -1.98019299957e-07
1 0 0 -8.39127378693e-10 0 1 0 1.8529980343 0 0 1 -2.70582328654e-07
1 0 0 -9.58513879379e-10 0 1 0 2.12849931443 0 0 1 -3.56107888622e-07
1 0 0 -9.52630085926e-10 0 1 0 2.41399976161 0 0 1 -4.58550438065e-07
1 0 0 -1.16412079976e-09 0 1 0 2.70949991651 0 0 1 -5.77605586694e-07
1 0 0 -1.1873111383e-09 0 1 0 3.01499997132 0 0 1 -7.15910996929e-07
1 0 0 -1.10458353575e-09 0 1 0 3.33049999073 0 0 1 -8.7241390534e-07
1 0 0 -8.49071812858e-10 0 1 0 3.6559999969 0 0 1 -1.05096596581e-06
1 0 0 -1.25627896974e-09 0 1 0 3.99149999904 0 0 1 -1.25399351636e-06
1 0 0 -1.11638143174e-09 0 1 0 4.33699999994 0 0 1 -1.4789300995e-06
1 0 0 -9.23994436519e-10 0 1 0 4.69249999983 0 0 1 -1.73230517797e-06
1 0 0 -1.08239217589e-09 0 1 0 5.05800000003 0 0 1 -2.01357591534e-06
1 0 0 -1.12591336254e-09 0 1 0 5.43350000017 0 0 1 -2.32391982857e-06
1 0 0 -9.92171678149e-10 0 1 0 5.81900000001 0 0 1 -2.66471188848e-06
1 0 0 -8.9728069419e-10 0 1 0 6.21450000094 0 0 1 -3.03904064003e-06
1 0 0 -8.41240854754e-10 0 1 0 6.62000000018 0 0 1 -3.4486334255e-06
1 0 0 -1.04016617541e-09 0 1 0 7.03550000031 0 0 1 -3.89583850025e-06
1 0 0 -1.09078190924e-09 0 1 0 7.46100000041 0 0 1 -4.38095193989e-06
1 0 0 -8.68314975477e-10 0 1 0 7.89650000039 0 0 1 -4.90647692031e-06
1 0 0 -9.29766708069e-10 0 1 0 8.34200000074 0 0 1 -5.47756793523e-06
1 0 0 -1.12141052e-09 0 1 0 8.79749999992 0 0 1 -6.09000823149e-06
1 0 0 -9.4415097962e-10 0 1 0 9.26300000036 0 0 1 -6.75208317524e-06
1 0 0 -8.63650484462e-10 0 1 0 9.73850000044 0 0 1 -7.46384906236e-06
1 0 0 -1.28318289327e-09 0 1 0 10.2240000003 0 0 1 -8.22550334423e-06
1 0 0 -1.02187902584e-09 0 1 0 10.7195000014 0 0 1 -9.04292683312e-06
1 0 0 -1.0110605686e-09 0 1 0 11.2250000009 0 0 1 -9.91598535904e-06
1 0 0 -1.06356790042e-09 0 1 0 11.7405000005 0 0 1 -1.08473232538e-05
1 0 0 -9.92240511977e-10 0 1 0 12.2660000002 0 0 1 -1.18405718998e-05
1 0 0 -1.13796616574e-09 0 1 0 12.8015000012 0 0 1 -1.28965634305e-05
1 0 0 -9.7269703403e-10 0 1 0 13.3470000004 0 0 1 -1.40193309122e-05
1 0 0 -1.17820775358e-09 0 1 0 13.9025000003 0 0 1 -1.52102918447e-05
1 0 0 -1.22645094081e-09 0 1 0 14.4680000005 0 0 1 -1.64719987179e-05
1 0 0 -8.67879546007e-10 0 1 0 15.0435000002 0 0 1 -1.78097046462e-05
1 0 0 -9.09042174868e-10 0 1 0 15.6290000006 0 0 1 -1.92233110088e-05
1 0 0 -1.28755184292e-09 0 1 0 16.2245000002 0 0 1 -2.07149330622e-05
1 0 0 -8.22539814038e-10 0 1 0 16.8300000002 0 0 1 -2.22906983831e-05
1 0 0 -1.12710374367e-09 0 1 0 17.4455000017 0 0 1 -2.395090325e-05
1 0 0 -8.66645422093e-10 0 1 0 18.0710000012 0 0 1 -2.56994325891e-05
1 0 0 -1.12621556525e-09 0 1 0 18.7065000005 0 0 1 -2.753839488e-05
1 0 0 -1.2529932647e-09 0 1 0 19.3520000006 0 0 1 -2.94718587366e-05
1 0 0 -1.12220366333e-09 0 1 0 20.007500001 0 0 1 -3.1502574096e-05
1 0 0 -1.01234931549e-09 0 1 0 20.6730000009 0 0 1 -3.36337351126e-05
1 0 0 -1.20192922282e-09 0 1 0 21.3485000011 0 0 1 -3.58675488901e-05
1 0 0 -1.16289733398e-09 0 1 0 22.0340000006 0 0 1 -3.82068146791e-05
1 0 0 -9.24205600938e-10 0 1 0 22.7295000014 0 0 1 -4.06580056467e-05
1 0 0 -1.01390273954e-09 0 1 0 23.4350000008 0 0 1 -4.32205434038e-05
1 0 0 -1.05766861935e-09 0 1 0 24.1505000009 0 0 1 -4.59004569091e-05
1 0 0 -9.93116699988e-10 0 1 0 24.8760000012 0 0 1 -4.86993678912e-05
1 0 0 -1.03635944271e-09 0 1 0 25.611500001 0 0 1 -5.16215987112e-05
1 0 0 -9.37851574179e-10 0 1 0 26.3570000018 0 0 1 -5.46711686713e-05
1 0 0 -1.10086606497e-09 0 1 0 27.1125000012 0 0 1 -5.78497558017e-05
1 0 0 -1.27585675358e-09 0 1 0 27.878 0 0 1 -6.11618729263e-05
1 0 0 -1.08850262137e-09 0 1 0 28.653500001 0 0 1 -6.46130554767e-05
1 0 0 -9.42078415278e-10 0 1 0 29.4390000016 0 0 1 -6.82052282386e-05
1 0 0 -1.17747234185e-09 0 1 0 30.2345000016 0 0 1 -7.19399636377e-05
1 0 0 -1.01708774736e-09 0 1 0 31.0400000016 0 0 1 -7.58240802234e-05
1 0 0 -1.1427010449e-09 0 1 0 31.8555000012 0 0 1 -7.98607228401e-05
1 0 0 -9.01490437855e-10 0 1 0 32.6810000014 0 0 1 -8.40539601032e-05
1 0 0 -9.7523145115e-10 0 1 0 33.5165000015 0 0 1 -8.84071836111e-05
1 0 0 -8.35876257099e-10 0 1 0 34.3620000013 0 0 1 -9.29226990944e-05
1 0 0 -9.15653330935e-10 0 1 0 35.2175000016 0 0 1 -9.76079174588e-05
1 0 0 -1.15217346774e-09 0 1 0 36.0830000022 0 0 1 -0.000102464213676
1 0 0 -8.92619311799e-10 0 1 0 36.9585000016 0 0 1 -0.000107497136931
1 0 0 -1.22203580588e-09 0 1 0 37.8440000005 0 0 1 -0.000112709535994
1 0 0 -9.59557766578e-10 0 1 0 38.7395000019 0 0 1 -0.00011810630463
1 0 0 -8.49345482834e-10 0 1 0 39.6450000012 0 0 1 -0.000123692173862
1 0 0 -9.82739223332e-10 0 1 0 40.5605000018 0 0 1 -0.00012947125483
1 0 0 -1.23496590732e-09 0 1 0 41.4860000024 0 0 1 -0.000135447037774
1 0 0 -9.53203738163e-10 0 1 0 42.421500002 0 0 1 -0.000141624578358
1 0 0 -1.16011555917e-09 0 1 0 43.3670000016 0 0 1 -0.000148007853547
1 0 0 -1.20288135008e-09 0 1 0 44.3225000008 0 0 1 -0.000154601672246
1 0 0 -1.23522525541e-09 0 1 0 45.2880000017 0 0 1 -0.000161410004448
1 0 0 -1.00760289001e-09 0 1 0 46.2635000016 0 0 1 -0.000168439337081
1 0 0 -1.20179066698e-09 0 1 0 47.2490000024 0 0 1 -0.000175691581177
1 0 0 -1.16496323699e-09 0 1 0 48.2445000021 0 0 1 -0.00018317253269
1 0 0 -9.26076992869e-10 0 1 0 49.2500000022 0 0 1 -0.000190888911543
1 0 0 -8.88405793376e-10 0 1 0 50.2655000012 0 0 1 -0.00019884190224
1 0 0 -1.08090425499e-09 0 1 0 51.2910000018 0 0 1 -0.000207037484422
1 0 0 -8.50748804737e-10 0 1 0 52.3265000017 0 0 1 -0.000215481700813
1 0 0 -1.22060406227e-09 0 1 0 53.3720000018 0 0 1 -0.000224178528377
1 0 0 -1.13437437221e-09 0 1 0 54.4275000016 0 0 1 -0.000233132578575
1 0 0 -1.08667386201e-09 0 1 0 55.4930000022 0 0 1 -0.000242349887337
1 0 0 -8.27954593774e-10 0 1 0 56.568500003 0 0 1 -0.000251835707775
1 0 0 -1.10238040918e-09 0 1 0 57.6540000024 0 0 1 -0.000261592796825
1 0 0 -1.06996900229e-09 0 1 0 58.7495000022 0 0 1 -0.000271628360949
1 0 0 -8.84448070337e-10 0 1 0 59.8550000028 0 0 1 -0.000281947357191
1 0 0 -1.22759047372e-09 0 1 0 60.9705000019 0 0 1 -0.000292554164208
1 0 0 -1.25941745921e-09 0 1 0 62.0960000032 0 0 1 -0.000303454754654
1 0 0 -8.55154169699e-10 0 1 0 63.2315000028 0 0 1 -0.000314654099341
1 0 0 -9.12690367727e-10 0 1 0 64.3770000026 0 0 1 -0.000326157938122
1 0 0 -1.12009246322e-09 0 1 0 65.5325000029 0 0 1 -0.000337972158807
1 0 0 -9.49311740328e-10 0 1 0 66.6980000024 0 0 1 -0.000350099807392
1 0 0 -1.11107745226e-09 0 1 0 67.8735000027 0 0 1 -0.000362550501904
1 0 0 -1.20211396393e-09 0 1 0 69.0590000025 0 0 1 -0.000375324785171
1 0 0 -1.1266045874e-09 0 1 0 70.2545000023 0 0 1 -0.000388432373825
1 0 0 -1.10066267212e-09 0 1 0 71.4600000032 0 0 1 -0.000401876603171
1 0 0 -1.21562493405e-09 0 1 0 72.6755000028 0 0 1 -0.000415665285814
1 0 0 -8.81062334201e-10 0 1 0 73.9010000032 0 0 1 -0.000429800621852
1 0 0 -8.70088001648e-10 0 1 0 75.136500003 0 0 1 -0.000444292828448
1 0 0 -9.9553787436e-10 0 1 0 76.382000003 0 0 1 -0.000459145043436
1 0 0 -1.00787289625e-09 0 1 0 77.6375000024 0 0 1 -0.00047436276671
1 0 0 -8.73651373468e-10 0 1 0 78.903000003 0 0 1 -0.000489953599647
1 0 0 -1.27465682453e-09 0 1 0 80.1785000028 0 0 1 -0.00050592192089
1 0 0 -1.0300134079e-09 0 1 0 81.4640000028 0 0 1 -0.000522273858031
1 0 0 -1.03761621517e-09 0 1 0 82.7595000022 0 0 1 -0.00053901687825
1 0 0 -8.607514701e-10 0 1 0 84.0650000032 0 0 1 -0.000556158138728
1 0 0 -8.40309155592e-10 0 1 0 85.380500003 0 0 1 -0.000573700939213
1 0 0 -1.00524744084e-09 0 1 0 86.7060000038 0 0 1 -0.000591651506113
1 0 0 -1.04362740672e-09 0 1 0 88.041500004 0 0 1 -0.000610016961048
1 0 0 -9.84407222404e-10 0 1 0 89.3870000031 0 0 1 -0.000628805257755
1 0 0 -9.81309256076e-10 0 1 0 90.7425000027 0 0 1 -0.000648020612978
1 0 0 -1.06328812421e-09 0 1 0 92.108000003 0 0 1 -0.000667670486955
1 0 0 -9.80797665306e-10 0 1 0 93.4835000034 0 0 1 -0.000687760132784
1 0 0 -1.16607168366e-09 0 1 0 94.8690000023 0 0 1 -0.000708298441957
1 0 0 -9.03892072301e-10 0 1 0 96.2645000037 0 0 1 -0.000729288883953
1 0 0 -1.15453957505e-09 0 1 0 97.6700000025 0 0 1 -0.000750740265396
1 0 0 -1.14042109089e-09 0 1 0 99.0855000027 0 0 1 -0.000772657183965
1 0 0 -1.2313776665e-09 0 1 0 100.511000003 0 0 1 -0.000795049906145
1 0 0 -1.24024523984e-09 0 1 0 101.946500002 0 0 1 -0.000817921816513
1 0 0 -1.13359632792e-09 0 1 0 103.392000004 0 0 1 -0.00084128100999
1 0 0 -1.0651532989e-09 0 1 0 104.847500003 0 0 1 -0.000865134664494
1 0 0 -1.06387076926e-09 0 1 0 106.313000003 0 0 1 -0.000889488512883
1 0 0 -8.80202577491e-10 0 1 0 107.788500002 0 0 1 -0.000914349042091
1 0 0 -1.22487975318e-09 0 1 0 109.274000003 0 0 1 -0.000939724636339
1 0 0 -9.79419212399e-10 0 1 0 110.769500003 0 0 1 -0.000965623256114
1 0 0 -1.04170538862e-09 0 1 0 112.275000003 0 0 1 -0.00099205039453
1 0 0 -1.16219567303e-09 0 1 0 113.790500002 0 0 1 -0.00101901179823
1 0 0 -1.24507337773e-09 0 1 0 115.316000002 0 0 1 -0.00104651718385
1 0 0 -9.7839603086e-10 0 1 0 116.851500002 0 0 1 -0.00107457219242
1 0 0 -1.19767307183e-09 0 1 0 118.397000002 0 0 1 -0.00110318566611
1 0 0 -1.18769349911e-09 0 1 0 119.952500002 0 0 1 -0.00113236304851
1 0 0 -8.52637072057e-10 0 1 0 121.518000002 0 0 1 -0.00116211454977
1 0 0 -8.74283756502e-10 0 1 0 123.093500001 0 0 1 -0.0011924435615
1 0 0 -1.15680620638e-09 0 1 0 124.679000001 0 0 1 -0.00122335955356
1 0 0 -9.22618426102e-10 0 1 0 126.274500002 0 0 1 -0.00125486959129
1 0 0 -1.06960129642e-09 0 1 0 127.880000001 0 0 1 -0.00128698163538
1 0 0 -1.09866249431e-09 0 1 0 129.495500001 0 0 1 -0.00131970446476
1 0 0 -1.16353504609e-09 0 1 0 131.121000001 0 0 1 -0.00135304352997
1 0 0 -1.2307808106e-09 0 1 0 132.756500001 0 0 1 -0.00138700741945
1 0 0 -8.63693117026e-10 0 1 0 134.402000001 0 0 1 -0.00142160526446
1 0 0 -1.02254915646e-09 0 1 0 136.057500001 0 0 1 -0.00145684241695
1 0 0 -8.6736662297e-10 0 1 0 137.723000001 0 0 1 -0.00149272707043
1 0 0 -8.30372215432e-10 0 1 0 139.3985 0 0 1 -0.00152926836314
1 0 0 -8.78138450844e-10 0 1 0 141.084 0 0 1 -0.00156647340295
1 0 0 -1.10200204517e-09 0 1 0 142.779499999 0 0 1 -0.00160435000244
1 0 0 -9.40474365052e-10 0 1 0 144.485 0 0 1 -0.00164290708165
1 0 0 -1.07534248173e-09 0 1 0 146.200499999 0 0 1 -0.00168215074659
1 0 0 -1.22362564525e-09 0 1 0 147.925999999 0 0 1 -0.00172209187764
1 0 0 -1.13576703598e-09 0 1 0 149.661499999 0 0 1 -0.00176273720849
1 0 0 -1.24401111634e-09 0 1 0 151.406999998 0 0 1 -0.00180409415005
1 0 0 -1.04924424704e-09 0 1 0 153.162499998 0 0 1 -0.00184617172798
1 0 0 -9.21318132896e-10 0 1 0 154.927999998 0 0 1 -0.00188897996196
1 0 0 -1.01396580021e-09 0 1 0 156.703499998 0 0 1 -0.0019325240558
1 0 0 -8.90466367309e-10 0 1 0 158.488999998 0 0 1 -0.00197681215371
1 0 0 -1.19916876429e-09 0 1 0 160.284499997 0 0 1 -0.00202185648247
1 0 0 -1.22486909504e-09 0 1 0 162.089999996 0 0 1 -0.00206766273246
1 0 0 -1.27501920133e-09 0 1 0 163.905499997 0 0 1 -0.00211424057099
1 0 0 -1.03768371673e-09 0 1 0 165.730999995 0 0 1 -0.00216159785992
1 0 0 -1.22359011812e-09 0 1 0 167.566499995 0 0 1 -0.00220974323027
1 0 0 -9.92756099549e-10 0 1 0 169.411999996 0 0 1 -0.00225868586256
1 0 0 -8.3980467025e-10 0 1 0 171.267499994 0 0 1 -0.00230843327333
1 0 0 -1.00979491435e-09 0 1 0 173.132999995 0 0 1 -0.00235899527105
1 0 0 -1.12841291866e-09 0 1 0 175.008499994 0 0 1 -0.00241038084584
1 0 0 -1.16222054203e-09 0 1 0 176.893999993 0 0 1 -0.00246259833935
1 0 0 -1.01540109654e-09 0 1 0 178.789499994 0 0 1 -0.00251565672791
1 0 0 -1.12017772835e-09 0 1 0 180.694999992 0 0 1 -0.00256956589008
1 0 0 -1.10223652428e-09 0 1 0 182.610499991 0 0 1 -0.00262433234833
1 0 0 -1.14425091624e-09 0 1 0 184.535999991 0 0 1 -0.00267996777963
1 0 0 -8.71914096479e-10 0 1 0 186.47149999 0 0 1 -0.00273648092733
1 0 0 -1.1207106354e-09 0 1 0 188.41699999 0 0 1 -0.00279387890623
1 0 0 -1.05067243794e-09 0 1 0 190.372499989 0 0 1 -0.00285217188402
1 0 0 -1.18536291893e-09 0 1 0 192.337999989 0 0 1 -0.00291137162945
1 0 0 -8.7196383447e-10 0 1 0 194.313499988 0 0 1 -0.00297148443202
1 0 0 -8.83588313627e-10 0 1 0 196.298999988 0 0 1 -0.00303251952185
1 0 0 -1.12441256306e-09 0 1 0 198.294499986 0 0 1 -0.00309448710907
1 0 0 -1.03296571297e-09 0 1 0 200.299999986 0 0 1 -0.00315739734754
1 0 0 -9.79078151886e-10 0 1 0 202.315499986 0 0 1 -0.00322125976342
1 0 0 -9.91711601728e-10 0 1 0 204.340999985 0 0 1 -0.00328608255725
1 0 0 -9.75042269147e-10 0 1 0 206.376499984 0 0 1 -0.00335187544563
1 0 0 -8.33253466226e-10 0 1 0 208.421999983 0 0 1 -0.0034186481452
1 0 0 -1.21468701764e-09 0 1 0 210.477499983 0 0 1 -0.00348641263601
1 0 0 -1.06324193894e-09 0 1 0 212.542999981 0 0 1 -0.00355517426976
1 0 0 -1.24338583873e-09 0 1 0 214.61849998 0 0 1 -0.00362494737477
1 0 0 -9.7750785244e-10 0 1 0 216.703999981 0 0 1 -0.00369573901635
1 0 0 -1.16351372981e-09 0 1 0 218.799499979 0 0 1 -0.00376755814227
1 0 0 -1.05274722273e-09 0 1 0 220.904999978 0 0 1 -0.00384041779748
1 0 0 -1.07744568822e-09 0 1 0 223.020499977 0 0 1 -0.00391432588644
1 0 0 -1.14179243837e-09 0 1 0 225.145999976 0 0 1 -0.00398929286605
1 0 0 -1.21234222661e-09 0 1 0 227.281499974 0 0 1 -0.00406532781827
1 0 0 -1.06851416604e-09 0 1 0 229.426999974 0 0 1 -0.00414244246937
1 0 0 -1.14253140282e-09 0 1 0 231.582499973 0 0 1 -0.00422064571084
1 0 0 -8.72915961736e-10 0 1 0 233.747999972 0 0 1 -0.00429994794331
1 0 0 -9.70388214228e-10 0 1 0 235.923499971 0 0 1 -0.00438035977186
