0,0,0
0.1,-5.18817663933e-11,4.49955046417e-08
0.2,0.000325640460642,0.12757805508
0.3,0.0012688632931,0.236657521238
0.4,0.0026604376976,0.34116204029
0.5,0.00454507452049,0.443801828797
0.6,0.00693965626508,0.545489519339
0.7,0.00985113771026,0.646619933696
0.8,0.0132826320736,0.747392187631
0.9,0.0172356261584,0.847917631162
1,0.0217108491726,0.948263226745
1.1,0.0267086444729,1.04847136249
1.2,0.0322291382287,1.14856982274
1.3,0.0382723282195,1.24857720941
1.4,0.04483812779,1.34850608128
1.5,0.0519263946744,1.44836487266
1.6,0.0595369477073,1.54815912166
1.7,0.0676695770279,1.64789228759
1.8,0.0763240496566,1.74756631119
1.9,0.0855001161664,1.84718200984
2,0.09519751011,1.94673936159
2.1,0.105415951761,2.0462377127
2.2,0.116155148569,2.14567593046
2.3,0.127414793438,2.245052517
2.4,0.139194568039,2.34436569516
2.5,0.151494140603,2.44361347327
2.6,0.16431316769,2.54279369299
2.7,0.177651292831,2.64190406905
2.8,0.191508146737,2.74094221602
2.9,0.205883345913,2.83990567243
3,0.220776495104,2.93879191805
3.1,0.236187184707,3.03759838759
3.2,0.252114992853,3.1363224815
3.3,0.268559482613,3.23496157576
3.4,0.285520203353,3.33351302631
3.5,0.302996691174,3.43197417642
3.6,0.320988468271,3.53034235997
3.7,0.339495041455,3.62861490459
3.8,0.358515905343,3.7267891344
3.9,0.378050538244,3.82486237083
4,0.398098406326,3.92283193547
4.1,0.418658959662,4.02069515027
4.2,0.439731635654,4.1184493381
4.3,0.461315857224,4.21609182356
4.4,0.483411032383,4.31361993344
4.5,0.50601655676,4.41103099771
4.6,0.529131809771,4.50832234807
4.7,0.552756159068,4.60549131942
4.8,0.576888956004,4.70253525
4.9,0.601529539836,4.7994514811
5,0.626677235289,4.896237357
5.1,0.652331352278,4.99289022585
5.2,0.678491188012,5.08940743908
5.3,0.705156024895,5.18578635153
5.4,0.732325132243,5.28202432181
5.5,0.75999776519,5.37811871226
5.6,0.788173165096,5.47406688926
5.7,0.816850559286,5.56986622301
5.8,0.846029162467,5.66551408733
5.9,0.87570817382,5.76100786089
6,0.905886779779,5.8563449257
6.1,0.936564152728,5.95152266824
6.2,0.96773945229,6.04653847954
6.3,0.999411823274,6.14138975509
6.4,1.03158039793,6.23607389445
6.5,1.06424429358,6.3305883021
6.6,1.09740261583,6.42493038704
6.7,1.13105445446,6.5190975626
6.8,1.16519888712,6.61308724735
6.9,1.19983497822,6.70689686464
7,1.23496177794,6.80052384266
7.1,1.27057832328,6.89396561469
7.2,1.30668363781,6.98721961916
7.3,1.34327673175,7.08028329916
7.4,1.38035660192,7.17315410339
7.5,1.41792223169,7.26582948603
7.6,1.45597259121,7.35830690584
7.7,1.49450663697,7.45058382799
7.8,1.53352331275,7.54265772266
7.9,1.57302154948,7.63452606533
8,1.61300026282,7.72618633761
8.1,1.65345835817,7.81763602656
8.2,1.69439472589,7.90887262452
8.3,1.73580824401,7.99989363117
8.4,1.77769777616,8.09069655032
8.5,1.82006217474,8.18127889315
8.6,1.86290027807,8.27163817578
8.7,1.90621091212,8.36177192129
8.8,1.94999288868,8.45167765847
8.9,1.9942450079,8.54135292243
9,2.03896605637,8.63079525518
9.1,2.08415480894,8.7200022042
9.2,2.12981002609,8.80897132367
9.3,2.17593045553,8.89770017464
9.4,2.22251483323,8.9861863247
9.5,2.26956188263,9.07442734796
9.6,2.31707031331,9.16242082522
9.7,2.36503882355,9.25016434428
9.8,2.41346609723,9.33765549918
9.9,2.46235080723,9.42489189178
10,2.51169161354,9.51187113021
10.1,2.56148716321,9.59859082967
10.2,2.61173609061,9.68504861298
10.3,2.66243701926,9.77124210959
10.4,2.71358855849,9.85716895724
10.5,2.76518930565,9.94282679923
10.6,1.48757399379,10.8402490123
10.7,1.86046735388,10.7352766438
10.8,2.16857254492,10.6741477051
10.9,2.41995351425,10.6431019677
11,2.62388702212,10.6353245221
11.1,2.78959116468,10.6475795941
11.2,2.92577644733,10.6770986769
11.3,3.04005722399,10.7206259635
11.4,3.13844766398,10.7748298327
11.5,3.22541831442,10.8368151914
11.6,3.30423997286,10.9043223932
11.7,3.37730736308,10.9756961328
11.8,3.44636560795,11.0497639631
11.9,3.512667832,11.1257042781
12,3.57709759855,11.2029360223
12.1,3.64027068269,11.2810388421
12.2,3.70261762076,11.3597012101
12.3,3.76444568848,11.4386889303
12.4,3.82598143907,11.5178257835
12.5,3.88739767138,11.5969802499
12.6,3.94882957303,11.6760550793
12.7,4.01038418173,11.7549785817
12.8,4.07214608567,11.8336975276
12.9,4.13418118528,11.9121717589
13,4.19653954257,11.990370443
13.1,4.25925783109,12.0682696763
13.2,4.32236160316,12.1458510279
13.3,4.38586743271,12.2231006218
13.4,4.44978489078,12.3000084574
13.5,4.5141183046,12.3765677918
13.6,4.57886825378,12.4527745146
13.7,4.64403278833,12.5286265177
13.8,4.70960837414,12.6041230916
13.9,4.77559060542,12.679264385
14,4.84197471412,12.75405096
14.1,4.90875591679,12.8284834485
14.2,4.97592964386,12.9025623141
14.3,5.04349167153,12.9762877048
14.4,5.11143818918,13.0496593802
14.5,5.17976581536,13.1226766937
14.6,5.24847158099,13.1953386132
14.7,5.31755288962,13.2676437649
14.8,5.38700746574,13.3395904876
14.9,5.45683329652,13.4111768913
15,5.5270285717,13.4824009126
15.1,5.59759162979,13.5532603652
15.2,5.66852090627,13.6237529835
15.3,5.73981489055,13.6938764583
15.4,5.81147209279,13.7636284657
15.5,5.88349101315,13.8330066895
15.6,5.95587012451,13.9020088378
15.7,6.02860785592,13.9706326547
15.8,6.10170258405,14.0388759274
15.9,6.17515262906,14.1067364918
16,6.24895625411,14.1742122335
16.1,6.32311166432,14.2413010876
16.2,6.39761701321,14.3080010377
16.3,6.47247040329,14.374310113
16.4,6.54766989467,14.440226385
16.5,6.62321350687,14.5057479632
16.6,6.69909922526,14.5708729923
16.7,6.77532500558,14.6355996478
16.8,6.85188877847,14.6999261325
16.9,6.92878845246,14.7638506731
17,7.00602191815,14.8273715169
17.1,7.08358705016,14.8904869305
17.2,7.16148170944,14.9531951959
17.3,7.23970374643,15.0154946102
17.4,7.31825100127,15.0773834827
17.5,7.39712130462,15.1388601348
17.6,7.4763124795,15.1999228986
17.7,7.55582234073,15.2605701168
17.8,7.6356486961,15.3208001422
17.9,7.7157893469,15.3806113363
18,7.79624208662,15.4400020714
18.1,7.87700470283,15.498970729
18.2,7.95807497495,15.5575157005
18.3,8.03945067573,15.6156353869
18.4,8.12112957116,15.6733281999
18.5,8.20310941978,15.7305925611
18.6,8.28538797241,15.787426903
18.7,8.3679629725,15.843829669
18.8,8.45083215558,15.8997993136
18.9,8.53399325029,15.9553343023
19,8.617443977,16.0104331122
19.1,8.70118204872,16.0650942323
19.2,8.78520517014,16.1193161631
19.3,8.86951103859,16.173097417
19.4,8.95409734333,16.226436519
19.5,9.03896176651,16.2793320051
19.6,9.1241019817,16.3317824247
19.7,9.20951565609,16.3837863383
19.8,9.29520044805,16.43534232
19.9,9.38115400866,16.4864489551
20,9.46737398273,16.5371048425
20.1,9.55385800651,16.5873085925
20.2,9.64060370879,16.6370588282
20.3,9.72760871164,16.6863541859
20.4,9.81487063019,16.7351933133
20.5,9.90238707234,16.7835748715
20.6,9.99015563898,16.8314975339
20.7,10.0781739237,16.8789599867
20.8,10.1664395135,16.9259609283
20.9,10.2549499881,16.9724990706
21,10.3437029217,17.0185731378
21.1,10.4326958807,17.0641818665
21.2,10.5219264248,17.1093240062
21.3,10.6113921082,17.1539983196
21.4,10.7010904787,17.1982035822
21.5,10.7910190761,17.2419385818
21.6,10.8811754354,17.2852021196
21.7,10.9715570851,17.3279930092
21.8,11.0621615469,17.3703100781
21.9,11.1529863367,17.412152166
22,11.244028965,17.4535181256
22.1,11.3352869355,17.494406823
22.2,11.4267577468,17.5348171372
22.3,11.5184388907,17.5747479603
22.4,11.6103278539,17.614198198
22.5,11.7024221171,17.6531667685
22.6,11.7947191554,17.6916526034
22.7,11.8872164385,17.7296546476
22.8,11.9799114308,17.7671718592
22.9,12.0728015911,17.8042032097
23,12.1658843725,17.840747684
23.1,12.2591572233,17.8768042801
23.2,12.3526175858,17.9123720097
23.3,12.4462628983,17.9474498977
23.4,12.5400905938,17.9820369819
23.5,12.6340980992,18.0161323145
23.6,12.7282828376,18.0497349608
23.7,12.8226422266,18.0828439993
23.8,12.9171736802,18.1154585229
23.9,13.0118746054,18.1475776368
24,13.1067424065,18.1792004606
24.1,13.2017744837,18.2103261275
24.2,13.2969682303,18.240953784
24.3,13.3923210368,18.2710825905
24.4,13.4878302893,18.300711721
24.5,13.5834933695,18.3298403634
24.6,13.6793076549,18.3584677189
24.7,13.7752705183,18.3865930029
24.8,13.8713793293,18.414215444
24.9,13.9676314527,18.4413342851
25,14.0640242494,18.4679487828
25.1,14.1605550769,18.4940582074
25.2,14.2572212887,18.5196618431
25.3,14.3540202357,18.5447589878
25.4,14.4509492627,18.5693489534
25.5,14.5480057133,18.5934310663
25.6,14.6451869261,18.6170046659
25.7,14.7424902368,18.640069106
25.8,14.8399129783,18.6626237543
25.9,14.9374524793,18.6846679926
26,15.0351060659,18.706201216
26.1,15.1328710609,18.7272228344
26.2,15.2307447841,18.7477322721
26.3,15.3287245522,18.767728966
26.4,15.426807679,18.7872123679
26.5,15.5249914753,18.8061819442
26.6,15.6232732493,18.8246371749
26.7,15.721650307,18.8425775535
26.8,15.8201199513,18.8600025886
26.9,15.9186794824,18.8769118019
27,16.0173261983,18.8933047303
27.1,16.1160573946,18.9091809243
27.2,16.2148703645,18.9245399488
27.3,16.3137623994,18.9393813823
27.4,16.4127307878,18.9537048185
27.5,16.5117728159,18.9675098643
27.6,16.6108857689,18.9807961413
27.7,16.7100669299,18.9935632853
27.8,16.619782703,20.5522538262
27.9,16.7689973335,20.1947076259
28,16.9124777705,19.9152980164
28.1,17.0443918075,19.6990483898
28.2,17.1650805469,19.5344280911
28.3,17.27768266,19.4121822026
28.4,17.3854381755,19.3237667553
28.5,17.4905356706,19.2612265487
28.6,17.5941071737,19.2178016395
28.7,17.6966693467,19.1881847835
28.8,17.7984928559,19.1683907194
28.9,17.8997753983,19.1554988654
29,18.0006853815,19.14740631
29.1,18.1013573036,19.1426209775
29.2,18.201883278,19.1400933528
29.3,18.3023150218,19.1390841312
29.4,18.4026749752,19.1390660255
29.5,18.5029701093,19.1396554504
29.6,18.6032030062,19.1405673178
29.7,18.7033780193,19.1415857966
29.8,18.8035029914,19.1425452665
29.9,18.9035882164,19.1433175829
30,19.003644379,19.1438033089
30.1,19.1036806693,19.143925545
30.2,19.2037036402,19.1436254878
30.3,19.3037168938,19.14285911
30.4,19.403721394,19.141594529
30.5,19.503716115,19.1398097865
30.6,19.6036987708,19.1374908807
30.7,19.7036664415,19.1346299986
30.8,19.8036160221,19.131223948
30.9,19.9035444844,19.1272728013
31,20.0034489836,19.1227787714
31.1,20.1033268642,19.117745315
31.2,20.2031756151,19.1121764524
31.3,20.3029928033,19.1060762791
31.4,20.4027760173,19.0994486361
31.5,20.5025228238,19.0922969117
31.6,20.6022307458,19.0846239414
31.7,20.7018972528,19.0764319811
31.8,20.8015197621,19.0677227307
31.9,20.9010956476,19.0584973903
32,21.0006222497,19.0487567309
32.1,21.1000968836,19.0385011774
32.2,21.1995168473,19.027730887
32.3,21.298879428,19.0164458225
32.4,21.398181904,19.0046458199
32.5,21.4974215482,18.992330642
32.6,21.5965956312,18.9795000263
32.7,21.6957014196,18.9661537192
32.8,21.7947361793,18.9522915029
32.9,21.8936971741,18.9379132137
33,21.9925816685,18.9230187547
33.1,22.0913869281,18.9076081019
33.2,22.1901102202,18.8916813067
33.3,22.2887488152,18.8752384954
33.4,22.3872999885,18.858279865
33.5,22.4857610187,18.8408056787
33.6,22.5841291897,18.822816261
33.7,22.6824017913,18.8043119906
33.8,22.780576119,18.7852932938
33.9,22.8786494736,18.7657606404
34,22.9766191607,18.7457145361
34.1,23.0744824925,18.7251555191
34.2,23.1722367849,18.7040841547
34.3,23.2698793594,18.6825010307
34.4,23.3674075417,18.6604067573
34.5,23.4648186614,18.6378019617
34.6,23.5621100515,18.6146872868
34.7,23.6592790491,18.5910633897
34.8,23.7563229953,18.5669309413
34.9,23.8532392332,18.5422906243
35,23.9500251101,18.5171431337
35.1,24.0466779774,18.4914891756
35.2,24.1431951883,18.4653294678
35.3,24.2395740993,18.4386647391
35.4,24.3358120711,18.4114957307
35.5,24.4319064669,18.3838231944
35.6,24.5278546543,18.3556478947
35.7,24.623654004,18.3269706083
35.8,24.7193018909,18.297792124
35.9,24.8147956927,18.2681132431
36,24.9101327921,18.2379347804
36.1,25.005310576,18.2072575627
36.2,25.1003264348,18.1760824311
36.3,25.1951777631,18.1444102389
36.4,25.2898619607,18.1122418533
36.5,25.3843764311,18.0795781554
36.6,25.478718583,18.0464200391
36.7,25.5728858296,18.0127684125
36.8,25.6668755892,17.9786241967
36.9,25.7606852843,17.9439883271
37,25.8543123428,17.9088617521
37.1,25.9477541974,17.8732454338
37.2,26.0410082866,17.8371403482
37.3,26.1340720538,17.8005474842
37.4,26.2269429466,17.7634678451
37.5,26.3196184191,17.7259024464
37.6,26.4120959306,17.6878523181
37.7,26.5043729457,17.6493185032
37.8,26.5964469346,17.6103020576
37.9,26.6883153724,17.5708040511
38,26.7799757409,17.5308255664
38.1,26.8714255272,17.4903676997
38.2,26.962662224,17.4494315603
38.3,27.0536833306,17.4080182705
38.4,27.144486351,17.3661289653
38.5,27.2350687957,17.3237647935
38.6,27.3254281818,17.2809269163
38.7,27.4155620316,17.2376165084
38.8,27.5054678748,17.1938347572
38.9,27.5951432459,17.149582863
39,27.6845856873,17.1048620389
39.1,27.7737927461,17.0596735115
39.2,27.8627619771,17.0140185191
39.3,27.9514909406,16.9678983134
39.4,28.0399772047,16.9213141591
39.5,28.1282183432,16.874267333
39.6,28.2162119375,16.8267591256
39.7,28.3039555742,16.7787908387
39.8,28.3914468487,16.7303637878
39.9,28.4786833614,16.6814793005
40,28.5656627217,16.6321387166
40.1,28.6523825443,16.5823433888
40.2,28.7388404524,16.5320946827
40.3,28.8250340758,16.4813939758
40.4,28.9109610509,16.4302426578
40.5,28.9966190216,16.3786421313
40.6,29.0820056406,16.3265938108
40.7,29.1671185661,16.2740991233
40.8,29.2519554655,16.2211595081
40.9,29.336514012,16.167776416
41,29.4207918877,16.113951311
41.1,29.5047867823,16.0596856687
41.2,29.5884963935,16.0049809767
41.3,29.671918426,15.9498387349
41.4,29.7550505921,15.8942604547
41.5,29.8378906138,15.8382476602
41.6,29.9204362186,15.7818018866
41.7,30.0026851449,15.7249246821
41.8,30.0846351371,15.6676176052
41.9,30.1662839486,15.6098822273
42,30.2476293412,15.5517201313
42.1,30.3286690847,15.4931329113
42.2,30.4094009573,15.4341221745
42.3,30.4898227454,15.3746895379
42.4,30.5699322442,15.314836631
42.5,30.6497272578,15.2545650946
42.6,30.7292055984,15.1938765814
42.7,30.8083650875,15.1327727547
42.8,30.8872035546,15.0712552903
42.9,30.9657188375,15.0093258743
43,31.0439087847,14.9469862047
43.1,31.1217712526,14.8842379906
43.2,31.1993041063,14.8210829518
43.3,31.2765052202,14.7575228204
43.4,31.3533724772,14.6935593387
43.5,31.4299037714,14.6291942604
43.6,31.5060970032,14.5644293498
43.7,31.5819500845,14.4992663823
43.8,31.6574609357,14.4337071447
43.9,31.732627486,14.3677534342
44,31.8074476753,14.301407059
44.1,31.8819194522,14.234669838
44.2,31.9560407757,14.1675436008
44.3,32.0298096123,14.1000301879
44.4,32.1032239407,14.0321314498
44.5,32.1762817479,13.9638492485
44.6,32.2489810309,13.8951854555
44.7,32.321319797,13.8261419535
44.8,32.393296063,13.7567206354
44.9,32.464907855,13.6869234044
45,32.5361532101,13.6167521737
45.1,32.6070301753,13.5462088675
45.2,32.6775368066,13.4752954193
45.3,32.7476711719,13.4040137733
45.4,32.8174313484,13.3323658842
45.5,32.8868154233,13.2603537159
45.6,32.9558214948,13.1879792426
45.7,33.0244476705,13.1152444488
45.8,33.0926920692,13.0421513285
45.9,33.1605528198,12.9687018851
46,33.2280280621,12.8948981326
46.1,33.2951159463,12.8207420942
46.2,33.3618146332,12.746235803
46.3,33.4281222938,12.6713813018
46.4,33.4940371102,12.5961806427
46.5,33.5595572759,12.5206358871
46.6,33.6246809944,12.4447491062
46.7,33.6894064798,12.3685223807
46.8,33.7537319584,12.2919578002
46.9,33.8176556665,12.2150574637
47,33.8811758514,12.1378234794
47.1,33.9442907719,12.0602579649
47.2,34.0069986977,11.9823630469
47.3,34.069297909,11.9041408605
47.4,34.131186698,11.8255935501
47.5,34.1926633682,11.7467232692
47.6,34.2537262344,11.6675321805
47.7,34.3143736225,11.5880224548
47.8,34.3746038701,11.5081962718
47.9,34.434415325,11.42805582
48,34.4938063481,11.3476032962
48.1,34.5527753113,11.2668409066
48.2,34.6113205975,11.1857708653
48.3,34.6694406017,11.1043953942
48.4,34.7271337307,11.0227167248
48.5,34.784398403,10.9407370964
48.6,34.8412330483,10.8584587561
48.7,34.8976361083,10.7758839599
48.8,34.9536060373,10.6930149717
48.9,35.0091413005,10.6098540632
49,35.0642403754,10.5264035142
49.1,35.1189017511,10.4426656127
49.2,35.1731239292,10.3586426543
49.3,35.2269054235,10.2743369429
49.4,35.2802447592,10.189750789
49.5,35.3331404745,10.1048865124
49.6,35.385591119,10.0197464392
49.7,36.769033516,10.7434556734
49.8,36.5044301097,10.4601782479
49.9,36.3087480981,10.2143825201
50,36.166060787,10.0052144246
50.1,36.0658190691,9.82756714416
50.2,36.0008094119,9.6747056511
50.3,35.9645883337,9.54015537601
50.4,35.9508194745,9.41866366646
50.5,35.9538143137,9.30642154769
50.6,35.9689629201,9.20077309087
50.7,35.9927629537,9.09983101758
50.8,36.0226464569,9.002213093
50.9,36.05676958,8.90690049925
51,36.0938250871,8.8131577104
51.1,36.1328896165,8.72047121935
51.2,36.1733063914,8.62849263454
51.3,36.2146010169,8.53698734043
51.4,36.2564247289,8.44579335537
51.5,36.2985174139,8.35479252904
51.6,36.3406832667,8.2638929521
51.7,36.3827740187,8.17301965143
51.8,36.4246768327,8.0821103971
51.9,36.4663053868,7.99111408552
52,36.5075933949,7.8999900368
52.1,36.5484900176,7.80870732035
52.2,36.5889566621,7.71724377151
52.3,36.6289646953,7.62558469091
52.4,36.6684936919,7.53372137698
52.5,36.7075299583,7.44164966866
52.6,36.7460651918,7.34936864279
52.7,36.7840952468,7.25687954737
52.8,36.821619008,7.16418498995
52.9,36.8586374084,7.07128835914
53,36.8951526065,6.9781934347
53.1,36.9311673396,6.88490413741
53.2,36.9666844457,6.79142437577
53.3,37.0017065315,6.69775795544
53.4,37.0362357699,6.60390852765
53.5,37.0702737993,6.5098795656
53.6,37.1038216926,6.4156743554
53.7,37.1368799824,6.3212960022
53.8,37.1694487143,6.2267474432
53.9,37.2015275189,6.13203146699
54,37.233115692,6.03715073684
54.1,37.2642122722,5.94210781734
54.2,37.2948161112,5.84690519931
54.3,37.324925938,5.75154532237
54.4,37.3545404123,5.65603059779
54.5,37.3836581665,5.56036342584
54.6,37.4122778406,5.46454620919
54.7,37.4403981048,5.36858136471
54.8,37.4680176804,5.27247132921
54.9,37.4951353482,5.17621856562
55,37.5217499581,5.07982556415
55.1,37.5478604295,4.98329484204
55.2,37.5734657517,4.8866289445
55.3,37.5985649804,4.78983044051
55.4,37.6231572355,4.69290192196
55.5,37.6472416932,4.59584600017
55.6,37.6708175829,4.4986653034
55.7,37.6938841798,4.40136247411
55.8,37.7164408008,4.30394016734
55.9,37.7384867981,4.20640104722
56,37.7600215555,4.10874778606
56.1,37.7810444849,4.01098306317
56.2,37.8015550203,3.91310956281
56.3,37.8215526163,3.81512997353
56.4,37.8410367463,3.71704698779
56.5,37.8600068985,3.61886330039
56.6,37.878462577,3.52058160903
56.7,37.8964032981,3.42220461376
56.8,37.9138285923,3.32373501618
56.9,37.930738001,3.22517552013
57,37.9471310771,3.12652883076
57.1,37.9630073856,3.02779765525
57.2,37.9783665038,2.92898470292
57.3,37.9932080205,2.83009268401
57.4,38.0075315363,2.73112431093
57.5,38.0213366649,2.63208229776
57.6,38.0346230314,2.53296936028
57.7,38.0473902752,2.43378821608
57.8,38.0596380471,2.33454158427
57.9,38.0713660126,2.23523218546
58,38.0825738501,2.13586274225
58.1,38.0932612517,2.0364359786
58.2,38.1034279231,1.93695462024
58.3,38.1130735851,1.83742139383
58.4,38.1221979722,1.73783902848
58.5,38.1308008325,1.63821025401
58.6,38.1388819293,1.5385378012
58.7,38.146441039,1.43882440262
58.8,38.1534779544,1.33907279195
58.9,38.1599924806,1.23928570383
59,38.1659844383,1.13946587393
59.1,38.1714536632,1.03961603856
59.2,38.1764000042,0.939738935324
59.3,38.1808233252,0.839837302049
59.4,38.184723504,0.73991387823
59.5,38.1881004342,0.639971403001
59.6,38.1909540223,0.540012616045
59.7,38.1932841909,0.440040257844
59.8,38.1950908748,0.340057069351
59.9,38.1963740255,0.240065791663
